4|4|112|240|1|4|3|437|240|3|4|3|12|14|2|1|14|440|0|1|534|10|3|2|534|442|3|2|-1|-1|-1|-1|-1|-1|-1|-1|-1|-1|-1|-1|-1|-1|-1|-1|-1|-1|-1|-1|-1|-1|-1|-1
0|2|132|240|0|4|3|437|260|2|4|3|12|24|2|1|14|430|0|1|524|10|3|2|524|442|3|2|-1|-1|-1|-1|-1|-1|-1|-1|-1|-1|-1|-1|-1|-1|-1|-1|-1|-1|-1|-1|-1|-1|-1|-1
-1|-1|132|220|0|4|3|437|280|2|4|3|12|34|2|1|14|420|0|1|514|10|3|2|514|442|3|2|-1|-1|-1|-1|-1|-1|-1|-1|-1|-1|-1|-1|-1|-1|-1|-1|-1|-1|-1|-1|-1|-1|-1|-1
-1|3|132|204|0|4|3|425|284|3|4|3|12|42|2|1|14|412|0|1|506|10|3|2|506|442|3|2|-1|-1|-1|-1|-1|-1|-1|-1|-1|-1|-1|-1|-1|-1|-1|-1|-1|-1|-1|-1|-1|-1|-1|-1
-1|-1|132|184|0|4|3|405|284|3|4|3|12|52|2|1|14|402|0|1|496|10|3|2|496|442|3|2|-1|-1|-1|-1|-1|-1|-1|-1|-1|-1|-1|-1|-1|-1|-1|-1|-1|-1|-1|-1|-1|-1|-1|-1
-1|-1|132|168|0|4|3|389|284|3|4|3|12|60|2|1|14|394|0|1|488|10|3|2|488|442|3|2|-1|-1|-1|-1|-1|-1|-1|-1|-1|-1|-1|-1|-1|-1|-1|-1|-1|-1|-1|-1|-1|-1|-1|-1
-1|-1|132|148|0|4|3|369|284|3|4|3|12|70|2|1|14|384|0|1|478|10|3|2|478|442|3|2|-1|-1|-1|-1|-1|-1|-1|-1|-1|-1|-1|-1|-1|-1|-1|-1|-1|-1|-1|-1|-1|-1|-1|-1
-1|-1|132|132|0|4|3|353|284|3|4|3|12|78|2|1|14|376|0|1|470|10|3|2|470|442|3|2|-1|-1|-1|-1|-1|-1|-1|-1|-1|-1|-1|-1|-1|-1|-1|-1|-1|-1|-1|-1|-1|-1|-1|-1
-1|-1|132|112|0|4|3|333|284|3|4|3|12|88|2|1|14|366|0|1|460|10|3|2|460|442|3|2|-1|-1|-1|-1|-1|-1|-1|-1|-1|-1|-1|-1|-1|-1|-1|-1|-1|-1|-1|-1|-1|-1|-1|-1
-1|2|132|92|0|4|3|329|300|2|4|3|12|98|2|1|14|356|0|1|450|10|3|2|450|442|3|2|-1|-1|-1|-1|-1|-1|-1|-1|-1|-1|-1|-1|-1|-1|-1|-1|-1|-1|-1|-1|-1|-1|-1|-1
1|-1|136|80|1|4|3|329|316|2|4|3|12|106|2|1|14|348|0|1|442|10|3|2|442|442|3|2|-1|-1|-1|-1|-1|-1|-1|-1|-1|-1|-1|-1|-1|-1|-1|-1|-1|-1|-1|-1|-1|-1|-1|-1
-1|-1|156|80|1|4|3|329|336|2|4|3|12|116|2|1|14|338|0|1|432|10|3|2|436|438|0|2|-1|-1|-1|-1|-1|-1|-1|-1|-1|-1|-1|-1|-1|-1|-1|-1|-1|-1|-1|-1|-1|-1|-1|-1
-1|-1|172|80|1|4|3|329|352|2|4|3|12|124|2|1|22|338|1|1|424|10|3|2|436|430|0|2|-1|-1|-1|-1|-1|-1|-1|-1|-1|-1|-1|-1|-1|-1|-1|-1|-1|-1|-1|-1|-1|-1|-1|-1
-1|3|192|80|1|4|3|321|364|3|4|3|12|134|2|1|32|338|1|1|414|10|3|2|436|420|0|2|-1|-1|-1|-1|-1|-1|-1|-1|-1|-1|-1|-1|-1|-1|-1|-1|-1|-1|-1|-1|-1|-1|-1|-1
-1|-1|212|80|1|4|3|301|364|3|4|3|12|144|2|1|40|340|2|1|404|10|3|2|436|410|0|2|-1|-1|-1|-1|-1|-1|-1|-1|-1|-1|-1|-1|-1|-1|-1|-1|-1|-1|-1|-1|-1|-1|-1|-1
-1|-1|232|80|1|4|3|281|364|3|4|3|12|154|2|1|40|350|2|1|394|10|3|2|436|400|0|2|-1|-1|-1|-1|-1|-1|-1|-1|-1|-1|-1|-1|-1|-1|-1|-1|-1|-1|-1|-1|-1|-1|-1|-1
-1|2|248|80|1|4|3|273|372|2|4|3|12|162|2|1|40|358|2|1|386|10|3|2|436|392|0|2|-1|-1|-1|-1|-1|-1|-1|-1|-1|-1|-1|-1|-1|-1|-1|-1|-1|-1|-1|-1|-1|-1|-1|-1
-1|-1|268|80|1|4|3|273|392|2|4|3|12|172|2|1|40|368|2|1|376|10|3|2|436|382|0|2|-1|-1|-1|-1|-1|-1|-1|-1|-1|-1|-1|-1|-1|-1|-1|-1|-1|-1|-1|-1|-1|-1|-1|-1
2|-1|276|88|2|4|3|273|408|2|4|3|12|180|2|1|40|376|2|1|368|10|3|2|436|374|0|2|-1|-1|-1|-1|-1|-1|-1|-1|-1|-1|-1|-1|-1|-1|-1|-1|-1|-1|-1|-1|-1|-1|-1|-1
-1|-1|276|108|2|4|3|273|428|2|4|3|12|190|2|1|40|386|2|1|358|10|3|2|436|364|0|2|-1|-1|-1|-1|-1|-1|-1|-1|-1|-1|-1|-1|-1|-1|-1|-1|-1|-1|-1|-1|-1|-1|-1|-1
-1|-1|276|128|2|4|3|273|448|2|4|3|12|200|2|1|40|396|2|1|348|10|3|2|436|354|0|2|-1|-1|-1|-1|-1|-1|-1|-1|-1|-1|-1|-1|-1|-1|-1|-1|-1|-1|-1|-1|-1|-1|-1|-1
-1|-1|276|144|2|4|3|273|454|2|4|3|12|208|2|1|40|404|2|1|340|10|3|2|436|346|0|2|-1|-1|-1|-1|-1|-1|-1|-1|-1|-1|-1|-1|-1|-1|-1|-1|-1|-1|-1|-1|-1|-1|-1|-1
-1|-1|276|164|2|4|3|273|454|2|4|3|12|218|2|1|40|414|2|1|330|10|3|2|436|336|0|2|-1|-1|-1|-1|-1|-1|-1|-1|-1|-1|-1|-1|-1|-1|-1|-1|-1|-1|-1|-1|-1|-1|-1|-1
-1|-1|276|184|2|4|3|273|454|2|4|3|12|228|2|1|40|424|2|1|320|10|3|2|432|330|3|2|-1|-1|-1|-1|-1|-1|-1|-1|-1|-1|-1|-1|-1|-1|-1|-1|-1|-1|-1|-1|-1|-1|-1|-1
-1|1|276|200|2|4|3|281|454|1|4|3|12|236|2|1|40|432|2|1|312|10|3|2|424|330|3|2|-1|-1|-1|-1|-1|-1|-1|-1|-1|-1|-1|-1|-1|-1|-1|-1|-1|-1|-1|-1|-1|-1|-1|-1
-1|-1|276|220|2|4|3|301|454|1|4|3|12|246|2|1|40|442|2|1|302|10|3|2|414|330|3|2|-1|-1|-1|-1|-1|-1|-1|-1|-1|-1|-1|-1|-1|-1|-1|-1|-1|-1|-1|-1|-1|-1|-1|-1
3|-1|268|228|3|4|3|317|454|1|4|3|12|254|2|1|40|450|2|1|294|10|3|2|406|330|3|2|-1|-1|-1|-1|-1|-1|-1|-1|-1|-1|-1|-1|-1|-1|-1|-1|-1|-1|-1|-1|-1|-1|-1|-1
-1|-1|248|228|3|4|3|337|454|1|4|3|12|264|2|1|40|454|2|1|284|10|3|2|396|330|3|2|-1|-1|-1|-1|-1|-1|-1|-1|-1|-1|-1|-1|-1|-1|-1|-1|-1|-1|-1|-1|-1|-1|-1|-1
-1|-1|228|228|3|4|3|357|454|1|4|3|12|274|2|1|42|454|1|1|274|10|3|2|386|330|3|2|-1|-1|-1|-1|-1|-1|-1|-1|-1|-1|-1|-1|-1|-1|-1|-1|-1|-1|-1|-1|-1|-1|-1|-1
-1|-1|212|228|3|4|3|373|454|1|4|3|12|282|2|1|50|454|1|1|266|10|3|2|378|330|3|2|-1|-1|-1|-1|-1|-1|-1|-1|-1|-1|-1|-1|-1|-1|-1|-1|-1|-1|-1|-1|-1|-1|-1|-1
-1|-1|192|228|3|4|3|393|454|1|4|3|12|292|2|1|60|454|1|1|256|10|3|2|368|330|3|2|-1|-1|-1|-1|-1|-1|-1|-1|-1|-1|-1|-1|-1|-1|-1|-1|-1|-1|-1|-1|-1|-1|-1|-1
2|-1|180|232|2|4|3|409|454|1|4|3|12|300|2|1|68|454|1|1|248|10|3|2|360|330|3|2|-1|-1|-1|-1|-1|-1|-1|-1|-1|-1|-1|-1|-1|-1|-1|-1|-1|-1|-1|-1|-1|-1|-1|-1
-1|-1|180|252|2|4|3|429|454|1|4|3|12|310|2|1|78|454|1|1|238|10|3|2|350|330|3|2|-1|-1|-1|-1|-1|-1|-1|-1|-1|-1|-1|-1|-1|-1|-1|-1|-1|-1|-1|-1|-1|-1|-1|-1
-1|0|180|272|2|4|3|437|442|0|4|3|12|320|2|1|88|454|1|1|228|10|3|2|340|330|3|2|-1|-1|-1|-1|-1|-1|-1|-1|-1|-1|-1|-1|-1|-1|-1|-1|-1|-1|-1|-1|-1|-1|-1|-1
-1|-1|180|288|2|4|3|437|426|0|4|3|12|328|2|1|92|450|0|1|220|10|3|2|332|330|3|2|-1|-1|-1|-1|-1|-1|-1|-1|-1|-1|-1|-1|-1|-1|-1|-1|-1|-1|-1|-1|-1|-1|-1|-1
-1|-1|180|308|2|4|3|437|406|0|4|3|12|338|2|1|92|440|0|1|210|10|3|2|322|330|3|2|-1|-1|-1|-1|-1|-1|-1|-1|-1|-1|-1|-1|-1|-1|-1|-1|-1|-1|-1|-1|-1|-1|-1|-1
-1|-1|180|328|2|4|3|437|386|0|4|3|12|348|2|1|92|430|0|1|200|10|3|2|312|330|3|2|-1|-1|-1|-1|-1|-1|-1|-1|-1|-1|-1|-1|-1|-1|-1|-1|-1|-1|-1|-1|-1|-1|-1|-1
-1|-1|180|344|2|4|3|437|370|0|4|3|12|356|2|1|92|422|0|1|192|10|3|2|304|330|3|2|-1|-1|-1|-1|-1|-1|-1|-1|-1|-1|-1|-1|-1|-1|-1|-1|-1|-1|-1|-1|-1|-1|-1|-1
-1|-1|180|364|2|4|3|437|350|0|4|3|12|366|2|1|92|412|0|1|182|10|3|2|294|330|3|2|-1|-1|-1|-1|-1|-1|-1|-1|-1|-1|-1|-1|-1|-1|-1|-1|-1|-1|-1|-1|-1|-1|-1|-1
-1|-1|180|384|2|4|3|437|330|0|4|3|12|364|0|1|92|402|0|1|178|16|2|2|284|330|3|2|-1|-1|-1|-1|-1|-1|-1|-1|-1|-1|-1|-1|-1|-1|-1|-1|-1|-1|-1|-1|-1|-1|-1|-1
1|-1|192|388|1|4|3|437|314|0|4|3|12|356|0|1|92|394|0|1|178|24|2|2|276|330|3|2|-1|-1|-1|-1|-1|-1|-1|-1|-1|-1|-1|-1|-1|-1|-1|-1|-1|-1|-1|-1|-1|-1|-1|-1
-1|-1|212|388|1|4|3|437|294|0|4|3|12|346|0|1|92|384|0|1|178|34|2|2|266|330|3|2|-1|-1|-1|-1|-1|-1|-1|-1|-1|-1|-1|-1|-1|-1|-1|-1|-1|-1|-1|-1|-1|-1|-1|-1
-1|-1|228|388|1|4|3|437|278|0|4|3|12|338|0|1|92|376|0|1|180|40|1|2|258|330|3|2|-1|-1|-1|-1|-1|-1|-1|-1|-1|-1|-1|-1|-1|-1|-1|-1|-1|-1|-1|-1|-1|-1|-1|-1
2|-1|244|392|2|4|3|437|258|0|4|3|12|328|0|1|92|366|0|1|190|40|1|2|248|330|3|2|-1|-1|-1|-1|-1|-1|-1|-1|-1|-1|-1|-1|-1|-1|-1|-1|-1|-1|-1|-1|-1|-1|-1|-1
-1|-1|244|412|2|4|3|437|238|0|4|3|12|318|0|1|92|356|0|1|200|40|1|2|240|332|2|2|-1|-1|-1|-1|-1|-1|-1|-1|-1|-1|-1|-1|-1|-1|-1|-1|-1|-1|-1|-1|-1|-1|-1|-1
-1|-1|244|428|2|4|3|437|222|0|4|3|12|310|0|1|92|348|0|1|208|40|1|2|240|340|2|2|-1|-1|-1|-1|-1|-1|-1|-1|-1|-1|-1|-1|-1|-1|-1|-1|-1|-1|-1|-1|-1|-1|-1|-1
1|-1|260|432|1|4|3|437|202|0|4|3|12|300|0|1|92|338|0|1|218|40|1|2|240|350|2|2|-1|-1|-1|-1|-1|-1|-1|-1|-1|-1|-1|-1|-1|-1|-1|-1|-1|-1|-1|-1|-1|-1|-1|-1
-1|3|276|432|1|4|3|433|190|3|4|3|12|292|0|1|92|330|0|1|226|40|1|2|240|358|2|2|-1|-1|-1|-1|-1|-1|-1|-1|-1|-1|-1|-1|-1|-1|-1|-1|-1|-1|-1|-1|-1|-1|-1|-1
-1|-1|296|432|1|4|3|413|190|3|4|3|12|282|0|1|92|320|0|1|236|40|1|2|250|358|1|2|-1|-1|-1|-1|-1|-1|-1|-1|-1|-1|-1|-1|-1|-1|-1|-1|-1|-1|-1|-1|-1|-1|-1|-1
-1|-1|316|432|1|4|3|393|190|3|4|3|12|272|0|1|92|310|0|1|246|40|1|2|260|358|1|2|-1|-1|-1|-1|-1|-1|-1|-1|-1|-1|-1|-1|-1|-1|-1|-1|-1|-1|-1|-1|-1|-1|-1|-1
-1|-1|332|432|1|4|3|377|190|3|4|3|12|264|0|1|92|302|0|1|254|40|1|2|268|358|1|2|-1|-1|-1|-1|-1|-1|-1|-1|-1|-1|-1|-1|-1|-1|-1|-1|-1|-1|-1|-1|-1|-1|-1|-1
-1|-1|352|432|1|4|3|357|190|3|4|3|12|254|0|1|92|292|0|1|264|40|1|2|278|358|1|2|-1|-1|-1|-1|-1|-1|-1|-1|-1|-1|-1|-1|-1|-1|-1|-1|-1|-1|-1|-1|-1|-1|-1|-1
-1|-1|368|432|1|4|3|341|190|3|4|3|12|246|0|1|92|284|0|1|272|40|1|2|286|358|1|2|-1|-1|-1|-1|-1|-1|-1|-1|-1|-1|-1|-1|-1|-1|-1|-1|-1|-1|-1|-1|-1|-1|-1|-1
-1|-1|388|432|1|4|3|321|190|3|4|3|12|236|0|1|92|274|0|1|282|40|1|2|296|358|1|2|-1|-1|-1|-1|-1|-1|-1|-1|-1|-1|-1|-1|-1|-1|-1|-1|-1|-1|-1|-1|-1|-1|-1|-1
-1|-1|404|432|1|4|3|305|190|3|4|3|12|228|0|1|92|266|0|1|290|40|1|2|296|366|2|2|-1|-1|-1|-1|-1|-1|-1|-1|-1|-1|-1|-1|-1|-1|-1|-1|-1|-1|-1|-1|-1|-1|-1|-1
-1|-1|424|432|1|4|3|285|190|3|4|3|12|218|0|1|92|256|0|1|300|40|1|2|296|376|2|2|-1|-1|-1|-1|-1|-1|-1|-1|-1|-1|-1|-1|-1|-1|-1|-1|-1|-1|-1|-1|-1|-1|-1|-1
-1|-1|444|432|1|4|3|265|190|3|4|3|12|208|0|1|92|246|0|1|310|40|1|2|296|386|2|2|-1|-1|-1|-1|-1|-1|-1|-1|-1|-1|-1|-1|-1|-1|-1|-1|-1|-1|-1|-1|-1|-1|-1|-1
-1|2|460|432|1|4|3|253|194|2|4|3|12|200|0|1|92|238|0|1|318|40|1|2|296|394|2|2|-1|-1|-1|-1|-1|-1|-1|-1|-1|-1|-1|-1|-1|-1|-1|-1|-1|-1|-1|-1|-1|-1|-1|-1
-1|-1|480|432|1|4|3|253|214|2|4|3|12|190|0|1|92|228|0|1|328|40|1|2|296|404|2|2|-1|-1|-1|-1|-1|-1|-1|-1|-1|-1|-1|-1|-1|-1|-1|-1|-1|-1|-1|-1|-1|-1|-1|-1
0|-1|480|412|0|4|3|253|234|2|4|3|12|200|2|1|92|222|2|1|338|40|1|2|296|414|2|2|-1|-1|-1|-1|-1|-1|-1|-1|-1|-1|-1|-1|-1|-1|-1|-1|-1|-1|-1|-1|-1|-1|-1|-1
-1|-1|480|392|0|4|3|253|254|2|4|3|12|210|2|1|92|232|2|1|348|40|1|2|306|414|1|2|-1|-1|-1|-1|-1|-1|-1|-1|-1|-1|-1|-1|-1|-1|-1|-1|-1|-1|-1|-1|-1|-1|-1|-1
-1|-1|480|376|0|4|3|253|270|2|4|3|12|218|2|1|92|240|2|1|356|40|1|2|314|414|1|2|-1|-1|-1|-1|-1|-1|-1|-1|-1|-1|-1|-1|-1|-1|-1|-1|-1|-1|-1|-1|-1|-1|-1|-1
-1|-1|480|356|0|4|3|253|290|2|4|3|12|228|2|1|92|250|2|1|366|40|1|2|324|414|1|2|-1|-1|-1|-1|-1|-1|-1|-1|-1|-1|-1|-1|-1|-1|-1|-1|-1|-1|-1|-1|-1|-1|-1|-1
-1|-1|480|340|0|4|3|253|306|2|4|3|12|236|2|1|92|258|2|1|374|40|1|2|324|406|0|2|-1|-1|-1|-1|-1|-1|-1|-1|-1|-1|-1|-1|-1|-1|-1|-1|-1|-1|-1|-1|-1|-1|-1|-1
-1|-1|480|320|0|4|3|253|326|2|4|3|12|246|2|1|92|268|2|1|384|40|1|2|324|396|0|2|-1|-1|-1|-1|-1|-1|-1|-1|-1|-1|-1|-1|-1|-1|-1|-1|-1|-1|-1|-1|-1|-1|-1|-1
-1|-1|480|300|0|4|3|253|346|2|4|3|12|256|2|1|92|278|2|1|394|40|1|2|324|386|0|2|-1|-1|-1|-1|-1|-1|-1|-1|-1|-1|-1|-1|-1|-1|-1|-1|-1|-1|-1|-1|-1|-1|-1|-1
-1|-1|480|284|0|4|3|253|362|2|4|3|12|264|2|1|92|286|2|1|402|40|1|2|324|378|0|2|-1|-1|-1|-1|-1|-1|-1|-1|-1|-1|-1|-1|-1|-1|-1|-1|-1|-1|-1|-1|-1|-1|-1|-1
-1|-1|480|264|0|4|3|253|382|2|4|3|12|274|2|1|92|296|2|1|412|40|1|2|324|368|0|2|-1|-1|-1|-1|-1|-1|-1|-1|-1|-1|-1|-1|-1|-1|-1|-1|-1|-1|-1|-1|-1|-1|-1|-1
-1|-1|480|244|0|4|3|253|402|2|4|3|12|284|2|1|92|306|2|1|422|40|1|2|324|358|0|2|-1|-1|-1|-1|-1|-1|-1|-1|-1|-1|-1|-1|-1|-1|-1|-1|-1|-1|-1|-1|-1|-1|-1|-1
-1|-1|480|228|0|4|3|253|418|2|4|3|12|292|2|1|92|314|2|1|430|40|1|2|324|350|0|2|-1|-1|-1|-1|-1|-1|-1|-1|-1|-1|-1|-1|-1|-1|-1|-1|-1|-1|-1|-1|-1|-1|-1|-1
-1|-1|480|208|0|4|3|253|438|2|4|3|12|302|2|1|92|324|2|1|440|40|1|2|324|340|0|2|-1|-1|-1|-1|-1|-1|-1|-1|-1|-1|-1|-1|-1|-1|-1|-1|-1|-1|-1|-1|-1|-1|-1|-1
3|1|468|200|3|4|3|261|450|1|4|3|12|312|2|1|92|334|2|1|450|40|1|2|324|330|0|2|-1|-1|-1|-1|-1|-1|-1|-1|-1|-1|-1|-1|-1|-1|-1|-1|-1|-1|-1|-1|-1|-1|-1|-1
-1|-1|452|200|3|4|3|277|450|1|4|3|12|320|2|1|92|342|2|1|458|40|1|2|324|322|0|2|-1|-1|-1|-1|-1|-1|-1|-1|-1|-1|-1|-1|-1|-1|-1|-1|-1|-1|-1|-1|-1|-1|-1|-1
-1|-1|432|200|3|4|3|297|450|1|4|3|12|330|2|1|92|352|2|1|468|40|1|2|324|312|0|2|-1|-1|-1|-1|-1|-1|-1|-1|-1|-1|-1|-1|-1|-1|-1|-1|-1|-1|-1|-1|-1|-1|-1|-1
-1|-1|416|200|3|4|3|313|450|1|4|3|12|338|2|1|92|360|2|1|476|40|1|2|324|304|0|2|-1|-1|-1|-1|-1|-1|-1|-1|-1|-1|-1|-1|-1|-1|-1|-1|-1|-1|-1|-1|-1|-1|-1|-1
0|-1|400|196|0|4|3|333|450|1|4|3|12|348|2|1|92|370|2|1|470|40|3|2|324|294|0|2|-1|-1|-1|-1|-1|-1|-1|-1|-1|-1|-1|-1|-1|-1|-1|-1|-1|-1|-1|-1|-1|-1|-1|-1
-1|-1|400|176|0|4|3|353|450|1|4|3|12|358|2|1|92|380|2|1|460|40|3|2|324|284|0|2|-1|-1|-1|-1|-1|-1|-1|-1|-1|-1|-1|-1|-1|-1|-1|-1|-1|-1|-1|-1|-1|-1|-1|-1
-1|-1|400|160|0|4|3|369|450|1|4|3|12|366|2|1|92|388|2|1|452|40|3|2|324|276|0|2|-1|-1|-1|-1|-1|-1|-1|-1|-1|-1|-1|-1|-1|-1|-1|-1|-1|-1|-1|-1|-1|-1|-1|-1
3|-1|388|152|3|4|3|389|450|1|4|3|12|376|2|1|92|398|2|1|442|40|3|2|324|266|0|2|-1|-1|-1|-1|-1|-1|-1|-1|-1|-1|-1|-1|-1|-1|-1|-1|-1|-1|-1|-1|-1|-1|-1|-1
-1|-1|368|152|3|4|3|409|450|1|4|3|12|386|2|1|92|408|2|1|432|40|3|2|324|256|0|2|-1|-1|-1|-1|-1|-1|-1|-1|-1|-1|-1|-1|-1|-1|-1|-1|-1|-1|-1|-1|-1|-1|-1|-1
-1|-1|352|152|3|4|3|425|450|1|4|3|12|394|2|1|92|416|2|1|424|40|3|2|324|248|0|2|-1|-1|-1|-1|-1|-1|-1|-1|-1|-1|-1|-1|-1|-1|-1|-1|-1|-1|-1|-1|-1|-1|-1|-1
-1|-1|332|152|3|4|3|445|450|1|4|3|12|404|2|1|92|426|2|1|414|40|3|2|324|238|0|2|-1|-1|-1|-1|-1|-1|-1|-1|-1|-1|-1|-1|-1|-1|-1|-1|-1|-1|-1|-1|-1|-1|-1|-1
3|-1|312|152|3|4|3|465|450|1|4|3|12|414|2|1|92|436|2|1|404|40|3|2|324|228|0|2|-1|-1|-1|-1|-1|-1|-1|-1|-1|-1|-1|-1|-1|-1|-1|-1|-1|-1|-1|-1|-1|-1|-1|-1
-1|-1|296|152|3|4|3|481|450|1|4|3|12|422|2|1|92|444|2|1|396|40|3|2|324|220|0|2|-1|-1|-1|-1|-1|-1|-1|-1|-1|-1|-1|-1|-1|-1|-1|-1|-1|-1|-1|-1|-1|-1|-1|-1
-1|0|276|152|3|4|3|485|434|0|4|3|14|430|1|1|92|454|2|1|386|40|3|2|324|210|0|2|-1|-1|-1|-1|-1|-1|-1|-1|-1|-1|-1|-1|-1|-1|-1|-1|-1|-1|-1|-1|-1|-1|-1|-1
-1|-1|256|152|3|4|3|485|414|0|4|3|24|430|1|1|92|444|0|1|376|40|3|2|324|200|0|2|-1|-1|-1|-1|-1|-1|-1|-1|-1|-1|-1|-1|-1|-1|-1|-1|-1|-1|-1|-1|-1|-1|-1|-1
3|-1|240|152|3|4|3|485|398|0|4|3|32|430|1|1|92|436|0|1|368|40|3|2|324|192|0|2|-1|-1|-1|-1|-1|-1|-1|-1|-1|-1|-1|-1|-1|-1|-1|-1|-1|-1|-1|-1|-1|-1|-1|-1
-1|-1|220|152|3|4|3|485|378|0|4|3|42|430|1|1|92|426|0|1|358|40|3|2|316|190|3|2|-1|-1|-1|-1|-1|-1|-1|-1|-1|-1|-1|-1|-1|-1|-1|-1|-1|-1|-1|-1|-1|-1|-1|-1
-1|-1|200|152|3|4|3|485|358|0|4|3|42|420|0|1|92|416|0|1|348|40|3|2|306|190|3|2|-1|-1|-1|-1|-1|-1|-1|-1|-1|-1|-1|-1|-1|-1|-1|-1|-1|-1|-1|-1|-1|-1|-1|-1
-1|-1|184|152|3|4|3|485|342|0|4|3|42|412|0|1|92|408|0|1|340|40|3|2|298|190|3|2|-1|-1|-1|-1|-1|-1|-1|-1|-1|-1|-1|-1|-1|-1|-1|-1|-1|-1|-1|-1|-1|-1|-1|-1
2|-1|176|164|2|4|3|485|322|0|4|3|42|402|0|1|92|398|0|1|330|40|3|2|288|190|3|2|-1|-1|-1|-1|-1|-1|-1|-1|-1|-1|-1|-1|-1|-1|-1|-1|-1|-1|-1|-1|-1|-1|-1|-1
-1|-1|176|180|2|4|3|485|306|0|4|3|42|394|0|1|92|390|0|1|322|40|3|2|280|190|3|2|-1|-1|-1|-1|-1|-1|-1|-1|-1|-1|-1|-1|-1|-1|-1|-1|-1|-1|-1|-1|-1|-1|-1|-1
-1|-1|176|200|2|4|3|485|286|0|4|3|42|384|0|1|92|380|0|1|312|40|3|2|270|190|3|2|-1|-1|-1|-1|-1|-1|-1|-1|-1|-1|-1|-1|-1|-1|-1|-1|-1|-1|-1|-1|-1|-1|-1|-1
-1|-1|176|216|2|4|3|485|270|0|4|3|42|376|0|1|92|372|0|1|304|40|3|2|262|190|3|2|-1|-1|-1|-1|-1|-1|-1|-1|-1|-1|-1|-1|-1|-1|-1|-1|-1|-1|-1|-1|-1|-1|-1|-1
-1|-1|176|236|2|4|3|485|250|0|4|3|42|366|0|1|92|362|0|1|294|40|3|2|252|190|3|2|-1|-1|-1|-1|-1|-1|-1|-1|-1|-1|-1|-1|-1|-1|-1|-1|-1|-1|-1|-1|-1|-1|-1|-1
-1|-1|176|256|2|4|3|485|230|0|4|3|42|356|0|1|92|352|0|1|284|40|3|2|242|190|3|2|-1|-1|-1|-1|-1|-1|-1|-1|-1|-1|-1|-1|-1|-1|-1|-1|-1|-1|-1|-1|-1|-1|-1|-1
-1|-1|176|272|2|4|3|485|214|0|4|3|42|348|0|1|92|344|0|1|276|40|3|2|234|190|3|2|-1|-1|-1|-1|-1|-1|-1|-1|-1|-1|-1|-1|-1|-1|-1|-1|-1|-1|-1|-1|-1|-1|-1|-1
-1|-1|176|292|2|4|3|485|194|0|4|3|42|338|0|1|92|334|0|1|266|40|3|2|224|190|3|2|-1|-1|-1|-1|-1|-1|-1|-1|-1|-1|-1|-1|-1|-1|-1|-1|-1|-1|-1|-1|-1|-1|-1|-1
1|-1|188|296|1|4|3|485|178|0|4|3|42|330|0|1|92|326|0|1|258|40|3|2|216|190|3|2|-1|-1|-1|-1|-1|-1|-1|-1|-1|-1|-1|-1|-1|-1|-1|-1|-1|-1|-1|-1|-1|-1|-1|-1
-1|-1|208|296|1|4|3|485|158|0|4|3|42|320|0|1|92|316|0|1|248|40|3|2|206|190|3|2|-1|-1|-1|-1|-1|-1|-1|-1|-1|-1|-1|-1|-1|-1|-1|-1|-1|-1|-1|-1|-1|-1|-1|-1
-1|3|228|296|1|4|3|469|154|3|4|3|42|310|0|1|92|306|0|1|238|40|3|2|196|190|3|2|-1|-1|-1|-1|-1|-1|-1|-1|-1|-1|-1|-1|-1|-1|-1|-1|-1|-1|-1|-1|-1|-1|-1|-1
2|-1|244|296|2|4|3|453|154|3|4|3|42|302|0|1|92|298|0|1|238|48|2|2|188|190|3|2|-1|-1|-1|-1|-1|-1|-1|-1|-1|-1|-1|-1|-1|-1|-1|-1|-1|-1|-1|-1|-1|-1|-1|-1
-1|0|244|316|2|4|3|441|146|0|4|3|42|292|0|1|92|288|0|1|238|58|2|2|190|190|1|2|-1|-1|-1|-1|-1|-1|-1|-1|-1|-1|-1|-1|-1|-1|-1|-1|-1|-1|-1|-1|-1|-1|-1|-1
-1|-1|244|336|2|4|3|441|126|0|4|3|42|282|0|1|92|278|0|1|238|68|2|2|200|190|1|2|-1|-1|-1|-1|-1|-1|-1|-1|-1|-1|-1|-1|-1|-1|-1|-1|-1|-1|-1|-1|-1|-1|-1|-1
-1|-1|244|356|2|4|3|441|106|0|4|3|42|272|0|1|92|268|0|1|238|78|2|2|210|190|1|2|-1|-1|-1|-1|-1|-1|-1|-1|-1|-1|-1|-1|-1|-1|-1|-1|-1|-1|-1|-1|-1|-1|-1|-1
-1|-1|244|372|2|4|3|441|90|0|4|3|42|264|0|1|92|260|0|1|238|86|2|2|218|190|1|2|-1|-1|-1|-1|-1|-1|-1|-1|-1|-1|-1|-1|-1|-1|-1|-1|-1|-1|-1|-1|-1|-1|-1|-1
3|-1|224|372|3|4|3|441|70|0|4|3|42|254|0|1|92|250|0|1|238|96|2|2|228|190|1|2|-1|-1|-1|-1|-1|-1|-1|-1|-1|-1|-1|-1|-1|-1|-1|-1|-1|-1|-1|-1|-1|-1|-1|-1
-1|1|208|372|3|4|3|445|58|1|4|3|42|246|0|1|92|242|0|1|234|100|3|2|236|190|1|2|-1|-1|-1|-1|-1|-1|-1|-1|-1|-1|-1|-1|-1|-1|-1|-1|-1|-1|-1|-1|-1|-1|-1|-1
-1|-1|192|372|3|4|3|461|58|1|4|3|42|238|0|1|92|234|0|1|226|100|3|2|236|190|3|2|-1|-1|-1|-1|-1|-1|-1|-1|-1|-1|-1|-1|-1|-1|-1|-1|-1|-1|-1|-1|-1|-1|-1|-1
-1|-1|172|372|3|4|3|481|58|1|4|3|42|228|0|1|92|224|0|1|216|100|3|2|226|190|3|2|-1|-1|-1|-1|-1|-1|-1|-1|-1|-1|-1|-1|-1|-1|-1|-1|-1|-1|-1|-1|-1|-1|-1|-1
-1|-1|152|372|3|4|3|501|58|1|4|3|42|218|0|1|92|214|0|1|206|100|3|2|216|190|3|2|-1|-1|-1|-1|-1|-1|-1|-1|-1|-1|-1|-1|-1|-1|-1|-1|-1|-1|-1|-1|-1|-1|-1|-1
-1|-1|136|372|3|4|3|517|58|1|4|3|42|210|0|1|92|206|0|1|198|100|3|2|208|190|3|2|-1|-1|-1|-1|-1|-1|-1|-1|-1|-1|-1|-1|-1|-1|-1|-1|-1|-1|-1|-1|-1|-1|-1|-1
-1|-1|116|372|3|4|3|537|58|1|4|3|42|200|0|1|92|196|0|1|188|100|3|2|198|190|3|2|-1|-1|-1|-1|-1|-1|-1|-1|-1|-1|-1|-1|-1|-1|-1|-1|-1|-1|-1|-1|-1|-1|-1|-1
-1|2|96|372|3|4|3|549|66|2|4|3|42|190|0|1|92|186|0|1|178|100|3|2|188|190|3|2|-1|-1|-1|-1|-1|-1|-1|-1|-1|-1|-1|-1|-1|-1|-1|-1|-1|-1|-1|-1|-1|-1|-1|-1
-1|-1|80|372|3|4|3|549|82|2|4|3|42|182|0|1|92|178|0|1|170|100|3|2|180|190|3|2|-1|-1|-1|-1|-1|-1|-1|-1|-1|-1|-1|-1|-1|-1|-1|-1|-1|-1|-1|-1|-1|-1|-1|-1
0|-1|64|368|0|4|3|549|102|2|4|3|42|172|0|1|92|168|0|1|160|100|3|2|170|190|3|2|-1|-1|-1|-1|-1|-1|-1|-1|-1|-1|-1|-1|-1|-1|-1|-1|-1|-1|-1|-1|-1|-1|-1|-1
-1|-1|64|352|0|4|3|549|118|2|4|3|42|164|0|1|92|160|0|1|152|100|3|2|162|190|3|2|-1|-1|-1|-1|-1|-1|-1|-1|-1|-1|-1|-1|-1|-1|-1|-1|-1|-1|-1|-1|-1|-1|-1|-1
-1|-1|64|332|0|4|3|549|138|2|4|3|42|154|0|1|92|150|0|1|142|100|3|2|152|190|3|2|-1|-1|-1|-1|-1|-1|-1|-1|-1|-1|-1|-1|-1|-1|-1|-1|-1|-1|-1|-1|-1|-1|-1|-1
-1|-1|64|316|0|4|3|549|154|2|4|3|42|146|0|1|92|142|0|1|134|100|3|2|144|190|3|2|-1|-1|-1|-1|-1|-1|-1|-1|-1|-1|-1|-1|-1|-1|-1|-1|-1|-1|-1|-1|-1|-1|-1|-1
3|-1|60|300|3|4|3|549|174|2|4|3|42|136|0|1|92|152|2|1|124|100|3|2|134|190|3|2|-1|-1|-1|-1|-1|-1|-1|-1|-1|-1|-1|-1|-1|-1|-1|-1|-1|-1|-1|-1|-1|-1|-1|-1
-1|-1|40|300|3|4|3|549|194|2|4|3|42|134|2|1|92|162|2|1|114|100|3|2|124|190|3|2|-1|-1|-1|-1|-1|-1|-1|-1|-1|-1|-1|-1|-1|-1|-1|-1|-1|-1|-1|-1|-1|-1|-1|-1
2|-1|24|304|2|4|3|549|214|2|4|3|42|144|2|1|92|172|2|1|104|100|3|2|114|190|3|2|-1|-1|-1|-1|-1|-1|-1|-1|-1|-1|-1|-1|-1|-1|-1|-1|-1|-1|-1|-1|-1|-1|-1|-1
-1|-1|24|320|2|4|3|549|230|2|4|3|42|152|2|1|92|180|2|1|96|100|3|2|106|190|3|2|-1|-1|-1|-1|-1|-1|-1|-1|-1|-1|-1|-1|-1|-1|-1|-1|-1|-1|-1|-1|-1|-1|-1|-1
1|-1|24|340|1|4|3|549|250|2|4|3|42|162|2|1|92|190|2|1|86|100|3|2|96|190|3|2|-1|-1|-1|-1|-1|-1|-1|-1|-1|-1|-1|-1|-1|-1|-1|-1|-1|-1|-1|-1|-1|-1|-1|-1
-1|-1|40|340|1|4|3|549|266|2|4|3|42|170|2|1|92|198|2|1|78|100|3|2|88|190|3|2|-1|-1|-1|-1|-1|-1|-1|-1|-1|-1|-1|-1|-1|-1|-1|-1|-1|-1|-1|-1|-1|-1|-1|-1
-1|-1|60|340|1|4|3|549|286|2|4|3|42|180|2|1|92|208|2|1|68|100|3|2|78|190|3|2|-1|-1|-1|-1|-1|-1|-1|-1|-1|-1|-1|-1|-1|-1|-1|-1|-1|-1|-1|-1|-1|-1|-1|-1
-1|-1|80|340|1|4|3|549|306|2|4|3|42|190|2|1|92|218|2|1|58|100|3|2|72|194|2|2|-1|-1|-1|-1|-1|-1|-1|-1|-1|-1|-1|-1|-1|-1|-1|-1|-1|-1|-1|-1|-1|-1|-1|-1
-1|3|96|340|1|4|3|541|314|3|4|3|42|198|2|1|92|226|2|1|66|100|1|2|72|202|2|2|-1|-1|-1|-1|-1|-1|-1|-1|-1|-1|-1|-1|-1|-1|-1|-1|-1|-1|-1|-1|-1|-1|-1|-1
-1|-1|116|340|1|4|3|521|314|3|4|3|42|208|2|1|92|236|2|1|76|100|1|2|72|212|2|2|-1|-1|-1|-1|-1|-1|-1|-1|-1|-1|-1|-1|-1|-1|-1|-1|-1|-1|-1|-1|-1|-1|-1|-1
-1|-1|132|340|1|4|3|505|314|3|4|3|42|216|2|1|92|244|2|1|84|100|1|2|74|218|1|2|-1|-1|-1|-1|-1|-1|-1|-1|-1|-1|-1|-1|-1|-1|-1|-1|-1|-1|-1|-1|-1|-1|-1|-1
-1|0|152|340|1|4|3|493|306|0|4|3|42|226|2|1|92|254|2|1|94|100|1|2|84|218|1|2|-1|-1|-1|-1|-1|-1|-1|-1|-1|-1|-1|-1|-1|-1|-1|-1|-1|-1|-1|-1|-1|-1|-1|-1
-1|-1|172|340|1|4|3|493|286|0|4|3|42|236|2|1|92|264|2|1|104|100|1|2|94|218|1|2|-1|-1|-1|-1|-1|-1|-1|-1|-1|-1|-1|-1|-1|-1|-1|-1|-1|-1|-1|-1|-1|-1|-1|-1
-1|-1|188|340|1|4|3|493|270|0|4|3|42|244|2|1|92|272|2|1|112|100|1|2|102|218|1|2|-1|-1|-1|-1|-1|-1|-1|-1|-1|-1|-1|-1|-1|-1|-1|-1|-1|-1|-1|-1|-1|-1|-1|-1
-1|-1|208|340|1|4|3|493|250|0|4|3|46|250|1|1|102|272|1|1|122|100|1|2|112|218|1|2|-1|-1|-1|-1|-1|-1|-1|-1|-1|-1|-1|-1|-1|-1|-1|-1|-1|-1|-1|-1|-1|-1|-1|-1
-1|-1|224|340|1|4|3|493|234|0|4|3|54|250|1|1|110|272|1|1|130|100|1|2|120|218|1|2|-1|-1|-1|-1|-1|-1|-1|-1|-1|-1|-1|-1|-1|-1|-1|-1|-1|-1|-1|-1|-1|-1|-1|-1
-1|-1|244|340|1|4|3|493|214|0|4|3|64|250|1|1|118|270|0|1|140|100|1|2|130|218|1|2|-1|-1|-1|-1|-1|-1|-1|-1|-1|-1|-1|-1|-1|-1|-1|-1|-1|-1|-1|-1|-1|-1|-1|-1
-1|-1|264|340|1|4|3|493|194|0|4|3|72|248|0|1|118|260|0|1|150|100|1|2|140|218|1|2|-1|-1|-1|-1|-1|-1|-1|-1|-1|-1|-1|-1|-1|-1|-1|-1|-1|-1|-1|-1|-1|-1|-1|-1
-1|-1|280|340|1|4|3|493|178|0|4|3|72|240|0|1|118|252|0|1|158|100|1|2|148|218|1|2|-1|-1|-1|-1|-1|-1|-1|-1|-1|-1|-1|-1|-1|-1|-1|-1|-1|-1|-1|-1|-1|-1|-1|-1
-1|-1|300|340|1|4|3|493|158|0|4|3|72|230|0|1|118|242|0|1|168|100|1|2|156|220|2|2|-1|-1|-1|-1|-1|-1|-1|-1|-1|-1|-1|-1|-1|-1|-1|-1|-1|-1|-1|-1|-1|-1|-1|-1
0|-1|300|320|0|4|3|493|138|0|4|3|72|220|0|1|118|232|0|1|178|100|1|2|156|230|2|2|-1|-1|-1|-1|-1|-1|-1|-1|-1|-1|-1|-1|-1|-1|-1|-1|-1|-1|-1|-1|-1|-1|-1|-1
-1|2|300|304|0|4|3|493|146|2|4|3|72|212|0|1|118|224|0|1|186|100|1|2|156|238|2|2|-1|-1|-1|-1|-1|-1|-1|-1|-1|-1|-1|-1|-1|-1|-1|-1|-1|-1|-1|-1|-1|-1|-1|-1
-1|-1|300|284|0|4|3|493|166|2|4|3|72|202|0|1|118|214|0|1|196|100|1|2|156|248|2|2|-1|-1|-1|-1|-1|-1|-1|-1|-1|-1|-1|-1|-1|-1|-1|-1|-1|-1|-1|-1|-1|-1|-1|-1
-1|-1|300|264|0|4|3|493|186|2|4|3|72|192|0|1|118|204|0|1|206|100|1|2|156|258|2|2|-1|-1|-1|-1|-1|-1|-1|-1|-1|-1|-1|-1|-1|-1|-1|-1|-1|-1|-1|-1|-1|-1|-1|-1
-1|-1|300|244|0|4|3|493|206|2|4|3|80|190|1|1|118|194|0|1|216|100|1|2|156|268|2|2|-1|-1|-1|-1|-1|-1|-1|-1|-1|-1|-1|-1|-1|-1|-1|-1|-1|-1|-1|-1|-1|-1|-1|-1
-1|-1|300|228|0|4|3|493|222|2|4|3|88|190|1|1|118|202|2|1|224|100|1|2|156|272|0|2|-1|-1|-1|-1|-1|-1|-1|-1|-1|-1|-1|-1|-1|-1|-1|-1|-1|-1|-1|-1|-1|-1|-1|-1
1|-1|300|208|1|4|3|493|242|2|4|3|98|190|1|1|118|212|2|1|234|100|1|2|156|262|0|2|-1|-1|-1|-1|-1|-1|-1|-1|-1|-1|-1|-1|-1|-1|-1|-1|-1|-1|-1|-1|-1|-1|-1|-1
-1|3|320|208|1|4|3|489|258|3|4|3|102|194|2|1|118|222|2|1|244|100|1|2|156|252|0|2|-1|-1|-1|-1|-1|-1|-1|-1|-1|-1|-1|-1|-1|-1|-1|-1|-1|-1|-1|-1|-1|-1|-1|-1
-1|-1|336|208|1|4|3|473|258|3|4|3|102|198|2|1|118|230|2|1|252|100|1|2|156|244|0|2|-1|-1|-1|-1|-1|-1|-1|-1|-1|-1|-1|-1|-1|-1|-1|-1|-1|-1|-1|-1|-1|-1|-1|-1
-1|-1|356|208|1|4|3|453|258|3|4|3|102|203|2|1|118|240|2|1|262|100|1|2|156|234|0|2|-1|-1|-1|-1|-1|-1|-1|-1|-1|-1|-1|-1|-1|-1|-1|-1|-1|-1|-1|-1|-1|-1|-1|-1
-1|-1|376|208|1|4|3|433|258|3|4|3|102|208|2|1|118|250|2|1|272|100|1|2|156|224|0|2|-1|-1|-1|-1|-1|-1|-1|-1|-1|-1|-1|-1|-1|-1|-1|-1|-1|-1|-1|-1|-1|-1|-1|-1
-1|-1|392|208|1|4|3|417|258|3|4|3|102|212|2|1|118|258|2|1|280|100|1|2|158|218|1|2|-1|-1|-1|-1|-1|-1|-1|-1|-1|-1|-1|-1|-1|-1|-1|-1|-1|-1|-1|-1|-1|-1|-1|-1
-1|2|412|208|1|4|3|409|270|2|4|3|102|220|2|1|118|268|2|1|290|100|1|2|168|218|1|2|-1|-1|-1|-1|-1|-1|-1|-1|-1|-1|-1|-1|-1|-1|-1|-1|-1|-1|-1|-1|-1|-1|-1|-1
-1|-1|432|208|1|4|3|409|290|2|4|3|102|230|2|1|124|272|1|1|298|102|2|2|178|218|1|2|-1|-1|-1|-1|-1|-1|-1|-1|-1|-1|-1|-1|-1|-1|-1|-1|-1|-1|-1|-1|-1|-1|-1|-1
0|-1|436|196|0|4|3|409|306|2|4|3|102|238|2|1|132|272|1|1|298|110|2|2|184|216|0|2|-1|-1|-1|-1|-1|-1|-1|-1|-1|-1|-1|-1|-1|-1|-1|-1|-1|-1|-1|-1|-1|-1|-1|-1
-1|-1|436|176|0|4|3|409|326|2|4|3|102|248|2|1|142|272|1|1|298|120|2|2|184|206|0|2|-1|-1|-1|-1|-1|-1|-1|-1|-1|-1|-1|-1|-1|-1|-1|-1|-1|-1|-1|-1|-1|-1|-1|-1
-1|-1|436|160|0|4|3|409|342|2|4|3|102|254|2|1|144|278|2|1|298|128|2|2|184|198|0|2|-1|-1|-1|-1|-1|-1|-1|-1|-1|-1|-1|-1|-1|-1|-1|-1|-1|-1|-1|-1|-1|-1|-1|-1
-1|-1|436|140|0|4|3|409|362|2|4|3|102|259|2|1|144|288|2|1|298|138|2|2|184|188|0|2|-1|-1|-1|-1|-1|-1|-1|-1|-1|-1|-1|-1|-1|-1|-1|-1|-1|-1|-1|-1|-1|-1|-1|-1
-1|-1|436|120|0|4|3|409|382|2|4|3|102|264|2|1|144|298|2|1|298|148|2|2|184|178|0|2|-1|-1|-1|-1|-1|-1|-1|-1|-1|-1|-1|-1|-1|-1|-1|-1|-1|-1|-1|-1|-1|-1|-1|-1
-1|-1|436|104|0|4|3|409|398|2|4|3|102|268|2|1|144|306|2|1|298|156|2|2|184|170|0|2|-1|-1|-1|-1|-1|-1|-1|-1|-1|-1|-1|-1|-1|-1|-1|-1|-1|-1|-1|-1|-1|-1|-1|-1
-1|-1|436|84|0|4|3|409|418|2|4|3|102|273|2|1|144|316|2|1|298|154|0|2|184|160|0|2|-1|-1|-1|-1|-1|-1|-1|-1|-1|-1|-1|-1|-1|-1|-1|-1|-1|-1|-1|-1|-1|-1|-1|-1
-1|-1|436|68|0|4|3|409|434|2|4|3|102|277|2|1|144|324|2|1|298|146|0|2|184|152|0|2|-1|-1|-1|-1|-1|-1|-1|-1|-1|-1|-1|-1|-1|-1|-1|-1|-1|-1|-1|-1|-1|-1|-1|-1
-1|-1|436|48|0|4|3|409|454|2|4|3|102|286|2|1|144|334|2|1|298|136|0|2|184|142|0|2|-1|-1|-1|-1|-1|-1|-1|-1|-1|-1|-1|-1|-1|-1|-1|-1|-1|-1|-1|-1|-1|-1|-1|-1
-1|-1|436|32|0|4|3|409|454|2|4|3|102|294|2|1|144|342|2|1|298|128|0|2|184|134|0|2|-1|-1|-1|-1|-1|-1|-1|-1|-1|-1|-1|-1|-1|-1|-1|-1|-1|-1|-1|-1|-1|-1|-1|-1
1|-1|444|20|1|4|3|409|454|2|4|3|102|304|2|1|144|352|2|1|298|118|0|2|184|124|0|2|-1|-1|-1|-1|-1|-1|-1|-1|-1|-1|-1|-1|-1|-1|-1|-1|-1|-1|-1|-1|-1|-1|-1|-1
-1|-1|460|20|1|4|3|409|454|2|4|3|102|312|2|1|144|360|2|1|298|110|0|2|184|116|0|2|-1|-1|-1|-1|-1|-1|-1|-1|-1|-1|-1|-1|-1|-1|-1|-1|-1|-1|-1|-1|-1|-1|-1|-1
-1|-1|480|20|1|4|3|409|454|2|4|3|102|322|2|1|144|370|2|1|298|100|0|2|184|106|0|2|-1|-1|-1|-1|-1|-1|-1|-1|-1|-1|-1|-1|-1|-1|-1|-1|-1|-1|-1|-1|-1|-1|-1|-1
2|-1|496|24|2|4|3|409|454|2|4|3|102|332|2|1|144|380|2|1|298|90|0|2|184|96|0|2|-1|-1|-1|-1|-1|-1|-1|-1|-1|-1|-1|-1|-1|-1|-1|-1|-1|-1|-1|-1|-1|-1|-1|-1
-1|0|496|40|2|4|3|409|454|0|4|3|102|340|2|1|144|388|2|1|298|82|0|2|184|88|0|2|-1|-1|-1|-1|-1|-1|-1|-1|-1|-1|-1|-1|-1|-1|-1|-1|-1|-1|-1|-1|-1|-1|-1|-1
-1|-1|496|60|2|4|3|409|434|0|4|3|102|350|2|1|144|398|2|1|298|72|0|2|184|78|0|2|-1|-1|-1|-1|-1|-1|-1|-1|-1|-1|-1|-1|-1|-1|-1|-1|-1|-1|-1|-1|-1|-1|-1|-1
-1|-1|496|80|2|4|3|409|414|0|4|3|102|360|2|1|144|408|2|1|306|70|1|2|184|68|0|2|-1|-1|-1|-1|-1|-1|-1|-1|-1|-1|-1|-1|-1|-1|-1|-1|-1|-1|-1|-1|-1|-1|-1|-1
-1|-1|496|100|2|4|3|409|394|0|4|3|102|370|2|1|144|418|2|1|316|70|1|2|184|58|0|2|-1|-1|-1|-1|-1|-1|-1|-1|-1|-1|-1|-1|-1|-1|-1|-1|-1|-1|-1|-1|-1|-1|-1|-1
-1|-1|496|116|2|4|3|409|378|0|4|3|102|378|2|1|144|426|2|1|324|70|1|2|184|50|0|2|-1|-1|-1|-1|-1|-1|-1|-1|-1|-1|-1|-1|-1|-1|-1|-1|-1|-1|-1|-1|-1|-1|-1|-1
-1|-1|496|136|2|4|3|409|358|0|4|3|102|378|0|1|144|420|0|1|328|76|2|2|184|60|2|2|-1|-1|-1|-1|-1|-1|-1|-1|-1|-1|-1|-1|-1|-1|-1|-1|-1|-1|-1|-1|-1|-1|-1|-1
-1|-1|496|152|2|4|3|409|342|0|4|3|102|374|0|1|144|412|0|1|328|84|2|2|184|68|2|2|-1|-1|-1|-1|-1|-1|-1|-1|-1|-1|-1|-1|-1|-1|-1|-1|-1|-1|-1|-1|-1|-1|-1|-1
-1|-1|496|172|2|4|3|409|322|0|4|3|102|369|0|1|144|402|0|1|328|94|2|2|184|78|2|2|-1|-1|-1|-1|-1|-1|-1|-1|-1|-1|-1|-1|-1|-1|-1|-1|-1|-1|-1|-1|-1|-1|-1|-1
-1|-1|496|192|2|4|3|409|302|0|4|3|102|364|0|1|144|392|0|1|328|104|2|2|184|88|2|2|-1|-1|-1|-1|-1|-1|-1|-1|-1|-1|-1|-1|-1|-1|-1|-1|-1|-1|-1|-1|-1|-1|-1|-1
-1|3|496|208|2|4|3|401|294|3|4|3|102|360|0|1|144|384|0|1|328|112|2|2|184|96|2|2|-1|-1|-1|-1|-1|-1|-1|-1|-1|-1|-1|-1|-1|-1|-1|-1|-1|-1|-1|-1|-1|-1|-1|-1
-1|-1|496|228|2|4|3|381|294|3|4|3|102|355|0|1|144|374|0|1|328|122|2|2|184|106|2|2|-1|-1|-1|-1|-1|-1|-1|-1|-1|-1|-1|-1|-1|-1|-1|-1|-1|-1|-1|-1|-1|-1|-1|-1
3|-1|476|228|3|4|3|361|294|3|4|3|102|350|0|1|144|364|0|1|328|132|2|2|184|116|2|2|-1|-1|-1|-1|-1|-1|-1|-1|-1|-1|-1|-1|-1|-1|-1|-1|-1|-1|-1|-1|-1|-1|-1|-1
-1|-1|460|228|3|4|3|345|294|3|4|3|102|346|0|1|144|356|0|1|328|140|2|2|184|124|2|2|-1|-1|-1|-1|-1|-1|-1|-1|-1|-1|-1|-1|-1|-1|-1|-1|-1|-1|-1|-1|-1|-1|-1|-1
2|-1|448|236|2|4|3|325|294|3|4|3|102|341|0|1|144|346|0|1|328|150|2|2|184|134|2|2|-1|-1|-1|-1|-1|-1|-1|-1|-1|-1|-1|-1|-1|-1|-1|-1|-1|-1|-1|-1|-1|-1|-1|-1
-1|0|448|256|2|4|3|309|290|0|4|3|102|336|0|1|144|336|0|1|328|160|2|2|184|144|2|2|-1|-1|-1|-1|-1|-1|-1|-1|-1|-1|-1|-1|-1|-1|-1|-1|-1|-1|-1|-1|-1|-1|-1|-1
-1|-1|448|272|2|4|3|309|274|0|4|3|102|332|0|1|144|328|0|1|328|168|2|2|184|152|2|2|-1|-1|-1|-1|-1|-1|-1|-1|-1|-1|-1|-1|-1|-1|-1|-1|-1|-1|-1|-1|-1|-1|-1|-1
-1|-1|448|292|2|4|3|309|254|0|4|3|102|327|0|1|144|318|0|1|328|178|2|2|184|162|2|2|-1|-1|-1|-1|-1|-1|-1|-1|-1|-1|-1|-1|-1|-1|-1|-1|-1|-1|-1|-1|-1|-1|-1|-1
-1|-1|448|312|2|4|3|309|234|0|4|3|102|322|0|1|144|308|0|1|328|188|2|2|184|172|2|2|-1|-1|-1|-1|-1|-1|-1|-1|-1|-1|-1|-1|-1|-1|-1|-1|-1|-1|-1|-1|-1|-1|-1|-1
1|3|460|316|1|4|3|297|230|3|4|3|102|318|0|1|144|300|0|1|334|190|1|2|184|180|2|2|-1|-1|-1|-1|-1|-1|-1|-1|-1|-1|-1|-1|-1|-1|-1|-1|-1|-1|-1|-1|-1|-1|-1|-1
-1|-1|480|316|1|4|3|277|230|3|4|3|102|313|0|1|144|290|0|1|344|190|1|2|184|190|2|2|-1|-1|-1|-1|-1|-1|-1|-1|-1|-1|-1|-1|-1|-1|-1|-1|-1|-1|-1|-1|-1|-1|-1|-1
-1|-1|500|316|1|4|3|257|230|3|4|3|102|308|0|1|144|280|0|1|354|190|1|2|184|200|2|2|-1|-1|-1|-1|-1|-1|-1|-1|-1|-1|-1|-1|-1|-1|-1|-1|-1|-1|-1|-1|-1|-1|-1|-1
2|0|500|332|2|4|3|257|214|0|4|3|102|304|0|1|144|272|0|1|358|194|2|2|184|208|2|2|-1|-1|-1|-1|-1|-1|-1|-1|-1|-1|-1|-1|-1|-1|-1|-1|-1|-1|-1|-1|-1|-1|-1|-1
-1|-1|500|352|2|4|3|257|194|0|4|3|102|299|0|1|144|262|0|1|358|204|2|2|184|218|2|2|-1|-1|-1|-1|-1|-1|-1|-1|-1|-1|-1|-1|-1|-1|-1|-1|-1|-1|-1|-1|-1|-1|-1|-1
-1|-1|500|372|2|4|3|257|174|0|4|3|102|294|0|1|144|252|0|1|358|214|2|2|184|228|2|2|-1|-1|-1|-1|-1|-1|-1|-1|-1|-1|-1|-1|-1|-1|-1|-1|-1|-1|-1|-1|-1|-1|-1|-1
-1|-1|500|388|2|4|3|257|158|0|4|3|102|290|0|1|144|244|0|1|360|220|1|2|184|236|2|2|-1|-1|-1|-1|-1|-1|-1|-1|-1|-1|-1|-1|-1|-1|-1|-1|-1|-1|-1|-1|-1|-1|-1|-1
-1|-1|500|408|2|4|3|257|138|0|4|3|102|282|0|1|144|234|0|1|370|220|1|2|184|246|2|2|-1|-1|-1|-1|-1|-1|-1|-1|-1|-1|-1|-1|-1|-1|-1|-1|-1|-1|-1|-1|-1|-1|-1|-1
3|-1|500|424|3|4|3|257|122|0|4|3|102|274|0|1|144|226|0|1|378|220|1|2|184|254|2|2|-1|-1|-1|-1|-1|-1|-1|-1|-1|-1|-1|-1|-1|-1|-1|-1|-1|-1|-1|-1|-1|-1|-1|-1
-1|-1|480|424|3|4|3|257|102|0|4|3|102|264|0|1|144|216|0|1|388|220|1|2|184|264|2|2|-1|-1|-1|-1|-1|-1|-1|-1|-1|-1|-1|-1|-1|-1|-1|-1|-1|-1|-1|-1|-1|-1|-1|-1
-1|-1|460|424|3|4|3|257|82|0|4|3|102|254|0|1|144|206|0|1|398|220|1|2|184|274|2|2|-1|-1|-1|-1|-1|-1|-1|-1|-1|-1|-1|-1|-1|-1|-1|-1|-1|-1|-1|-1|-1|-1|-1|-1
-1|-1|444|424|3|4|3|257|66|0|4|3|102|246|0|1|144|198|0|1|406|220|1|2|184|282|2|2|-1|-1|-1|-1|-1|-1|-1|-1|-1|-1|-1|-1|-1|-1|-1|-1|-1|-1|-1|-1|-1|-1|-1|-1
-1|-1|424|424|3|4|3|257|46|0|4|3|102|236|0|1|144|188|0|1|416|220|1|2|184|292|2|2|-1|-1|-1|-1|-1|-1|-1|-1|-1|-1|-1|-1|-1|-1|-1|-1|-1|-1|-1|-1|-1|-1|-1|-1
-1|1|404|424|3|4|3|269|38|1|4|3|102|226|0|1|144|178|0|1|418|228|2|2|184|302|2|2|-1|-1|-1|-1|-1|-1|-1|-1|-1|-1|-1|-1|-1|-1|-1|-1|-1|-1|-1|-1|-1|-1|-1|-1
-1|-1|388|424|3|4|3|285|38|1|4|3|102|218|0|1|144|170|0|1|418|236|2|2|184|310|2|2|-1|-1|-1|-1|-1|-1|-1|-1|-1|-1|-1|-1|-1|-1|-1|-1|-1|-1|-1|-1|-1|-1|-1|-1
-1|-1|368|424|3|4|3|305|38|1|4|3|102|208|0|1|144|160|0|1|418|246|2|2|184|320|2|2|-1|-1|-1|-1|-1|-1|-1|-1|-1|-1|-1|-1|-1|-1|-1|-1|-1|-1|-1|-1|-1|-1|-1|-1
-1|-1|348|424|3|4|3|325|38|1|4|3|102|198|0|1|144|150|0|1|412|250|3|2|184|330|2|2|-1|-1|-1|-1|-1|-1|-1|-1|-1|-1|-1|-1|-1|-1|-1|-1|-1|-1|-1|-1|-1|-1|-1|-1
-1|-1|332|424|3|4|3|341|38|1|4|3|102|190|0|1|144|142|0|1|404|250|3|2|184|338|2|2|-1|-1|-1|-1|-1|-1|-1|-1|-1|-1|-1|-1|-1|-1|-1|-1|-1|-1|-1|-1|-1|-1|-1|-1
-1|-1|312|424|3|4|3|361|38|1|4|3|102|180|0|1|144|132|0|1|394|250|3|2|184|348|2|2|-1|-1|-1|-1|-1|-1|-1|-1|-1|-1|-1|-1|-1|-1|-1|-1|-1|-1|-1|-1|-1|-1|-1|-1
-1|-1|292|424|3|4|3|381|38|1|4|3|102|170|0|1|144|122|0|1|384|250|3|2|184|358|2|2|-1|-1|-1|-1|-1|-1|-1|-1|-1|-1|-1|-1|-1|-1|-1|-1|-1|-1|-1|-1|-1|-1|-1|-1
-1|-1|276|424|3|4|3|397|38|1|4|3|102|162|0|1|144|114|0|1|376|250|3|2|184|366|2|2|-1|-1|-1|-1|-1|-1|-1|-1|-1|-1|-1|-1|-1|-1|-1|-1|-1|-1|-1|-1|-1|-1|-1|-1
2|-1|268|436|2|4|3|417|38|1|4|3|102|152|0|1|144|104|0|1|366|250|3|2|184|376|2|2|-1|-1|-1|-1|-1|-1|-1|-1|-1|-1|-1|-1|-1|-1|-1|-1|-1|-1|-1|-1|-1|-1|-1|-1
-1|-1|268|454|2|4|3|437|38|1|4|3|102|142|0|1|144|94|0|1|356|250|3|2|184|386|2|2|-1|-1|-1|-1|-1|-1|-1|-1|-1|-1|-1|-1|-1|-1|-1|-1|-1|-1|-1|-1|-1|-1|-1|-1
-1|-1|268|454|2|4|3|457|38|1|4|3|102|132|0|1|144|84|0|1|346|250|3|2|184|396|2|2|-1|-1|-1|-1|-1|-1|-1|-1|-1|-1|-1|-1|-1|-1|-1|-1|-1|-1|-1|-1|-1|-1|-1|-1
1|-1|284|454|1|4|3|473|38|1|4|3|102|124|0|1|144|76|0|1|338|250|3|2|184|404|2|2|-1|-1|-1|-1|-1|-1|-1|-1|-1|-1|-1|-1|-1|-1|-1|-1|-1|-1|-1|-1|-1|-1|-1|-1
-1|-1|304|454|1|4|3|493|38|1|4|3|102|114|0|1|144|66|0|1|328|250|3|2|184|414|2|2|-1|-1|-1|-1|-1|-1|-1|-1|-1|-1|-1|-1|-1|-1|-1|-1|-1|-1|-1|-1|-1|-1|-1|-1
-1|-1|324|454|1|4|3|513|38|1|4|3|102|104|0|1|144|56|0|1|318|250|3|2|184|424|2|2|-1|-1|-1|-1|-1|-1|-1|-1|-1|-1|-1|-1|-1|-1|-1|-1|-1|-1|-1|-1|-1|-1|-1|-1
-1|-1|340|454|1|4|3|529|38|1|4|3|102|96|0|1|144|48|0|1|310|250|3|2|184|432|2|2|-1|-1|-1|-1|-1|-1|-1|-1|-1|-1|-1|-1|-1|-1|-1|-1|-1|-1|-1|-1|-1|-1|-1|-1
-1|2|360|454|1|4|3|541|46|2|4|3|102|86|0|1|144|38|0|1|300|250|3|2|184|442|2|2|-1|-1|-1|-1|-1|-1|-1|-1|-1|-1|-1|-1|-1|-1|-1|-1|-1|-1|-1|-1|-1|-1|-1|-1
-1|-1|380|454|1|4|3|541|66|2|4|3|102|76|0|1|144|48|2|1|306|250|1|2|184|452|2|2|-1|-1|-1|-1|-1|-1|-1|-1|-1|-1|-1|-1|-1|-1|-1|-1|-1|-1|-1|-1|-1|-1|-1|-1
-1|-1|400|454|1|4|3|541|86|2|4|3|102|66|0|1|144|58|2|1|316|250|1|2|184|454|2|2|-1|-1|-1|-1|-1|-1|-1|-1|-1|-1|-1|-1|-1|-1|-1|-1|-1|-1|-1|-1|-1|-1|-1|-1
-1|-1|416|454|1|4|3|541|102|2|4|3|102|58|0|1|144|66|2|1|324|250|1|2|184|454|2|2|-1|-1|-1|-1|-1|-1|-1|-1|-1|-1|-1|-1|-1|-1|-1|-1|-1|-1|-1|-1|-1|-1|-1|-1
-1|-1|436|454|1|4|3|541|122|2|4|3|102|58|2|1|144|76|2|1|334|250|1|2|194|454|1|2|-1|-1|-1|-1|-1|-1|-1|-1|-1|-1|-1|-1|-1|-1|-1|-1|-1|-1|-1|-1|-1|-1|-1|-1
-1|-1|456|454|1|4|3|541|142|2|4|3|102|63|2|1|144|86|2|1|344|250|1|2|204|454|1|2|-1|-1|-1|-1|-1|-1|-1|-1|-1|-1|-1|-1|-1|-1|-1|-1|-1|-1|-1|-1|-1|-1|-1|-1
0|-1|460|438|0|4|3|541|162|2|4|3|102|68|2|1|144|96|2|1|354|250|1|2|212|452|0|2|-1|-1|-1|-1|-1|-1|-1|-1|-1|-1|-1|-1|-1|-1|-1|-1|-1|-1|-1|-1|-1|-1|-1|-1
-1|-1|460|422|0|4|3|541|178|2|4|3|102|72|2|1|144|104|2|1|362|250|1|2|212|444|0|2|-1|-1|-1|-1|-1|-1|-1|-1|-1|-1|-1|-1|-1|-1|-1|-1|-1|-1|-1|-1|-1|-1|-1|-1
-1|-1|460|402|0|4|3|541|198|2|4|3|102|77|2|1|144|114|2|1|372|250|1|2|212|434|0|2|-1|-1|-1|-1|-1|-1|-1|-1|-1|-1|-1|-1|-1|-1|-1|-1|-1|-1|-1|-1|-1|-1|-1|-1
-1|-1|460|386|0|4|3|541|214|2|4|3|102|81|2|1|144|122|2|1|380|250|1|2|212|426|0|2|-1|-1|-1|-1|-1|-1|-1|-1|-1|-1|-1|-1|-1|-1|-1|-1|-1|-1|-1|-1|-1|-1|-1|-1
-1|-1|460|366|0|4|3|541|234|2|4|3|102|86|2|1|144|132|2|1|390|250|1|2|212|416|0|2|-1|-1|-1|-1|-1|-1|-1|-1|-1|-1|-1|-1|-1|-1|-1|-1|-1|-1|-1|-1|-1|-1|-1|-1
3|-1|448|358|3|4|3|541|254|2|4|3|102|94|2|1|144|142|2|1|400|250|1|2|212|406|0|2|-1|-1|-1|-1|-1|-1|-1|-1|-1|-1|-1|-1|-1|-1|-1|-1|-1|-1|-1|-1|-1|-1|-1|-1
-1|-1|428|358|3|4|3|541|274|2|4|3|102|104|2|1|144|152|2|1|410|250|1|2|212|396|0|2|-1|-1|-1|-1|-1|-1|-1|-1|-1|-1|-1|-1|-1|-1|-1|-1|-1|-1|-1|-1|-1|-1|-1|-1
-1|-1|412|358|3|4|3|541|290|2|4|3|102|112|2|1|144|160|2|1|418|250|1|2|212|388|0|2|-1|-1|-1|-1|-1|-1|-1|-1|-1|-1|-1|-1|-1|-1|-1|-1|-1|-1|-1|-1|-1|-1|-1|-1
-1|-1|392|358|3|4|3|541|310|2|4|3|102|122|2|1|144|170|2|1|418|260|2|2|212|378|0|2|-1|-1|-1|-1|-1|-1|-1|-1|-1|-1|-1|-1|-1|-1|-1|-1|-1|-1|-1|-1|-1|-1|-1|-1
-1|-1|376|358|3|4|3|541|326|2|4|3|102|130|2|1|144|178|2|1|418|268|2|2|212|370|0|2|-1|-1|-1|-1|-1|-1|-1|-1|-1|-1|-1|-1|-1|-1|-1|-1|-1|-1|-1|-1|-1|-1|-1|-1
-1|-1|356|358|3|4|3|541|346|2|4|3|102|140|2|1|144|188|2|1|418|278|2|2|212|360|0|2|-1|-1|-1|-1|-1|-1|-1|-1|-1|-1|-1|-1|-1|-1|-1|-1|-1|-1|-1|-1|-1|-1|-1|-1
-1|-1|336|358|3|4|3|541|366|2|4|3|102|150|2|1|144|198|2|1|410|280|3|2|212|350|0|2|-1|-1|-1|-1|-1|-1|-1|-1|-1|-1|-1|-1|-1|-1|-1|-1|-1|-1|-1|-1|-1|-1|-1|-1
0|-1|332|346|0|4|3|541|382|2|4|3|102|158|2|1|144|206|2|1|402|280|3|2|212|342|0|2|-1|-1|-1|-1|-1|-1|-1|-1|-1|-1|-1|-1|-1|-1|-1|-1|-1|-1|-1|-1|-1|-1|-1|-1
-1|-1|332|326|0|4|3|541|402|2|4|3|102|168|2|1|144|216|2|1|392|280|3|2|222|342|1|2|-1|-1|-1|-1|-1|-1|-1|-1|-1|-1|-1|-1|-1|-1|-1|-1|-1|-1|-1|-1|-1|-1|-1|-1
-1|-1|332|306|0|4|3|541|422|2|4|3|102|178|2|1|144|226|2|1|382|280|3|2|232|342|1|2|-1|-1|-1|-1|-1|-1|-1|-1|-1|-1|-1|-1|-1|-1|-1|-1|-1|-1|-1|-1|-1|-1|-1|-1
3|-1|316|306|3|4|3|541|438|2|4|3|102|186|2|1|144|234|2|1|374|280|3|2|240|342|1|2|-1|-1|-1|-1|-1|-1|-1|-1|-1|-1|-1|-1|-1|-1|-1|-1|-1|-1|-1|-1|-1|-1|-1|-1
-1|-1|296|306|3|4|3|541|454|2|4|3|102|196|2|1|144|244|2|1|364|280|3|2|240|332|0|2|-1|-1|-1|-1|-1|-1|-1|-1|-1|-1|-1|-1|-1|-1|-1|-1|-1|-1|-1|-1|-1|-1|-1|-1
0|-1|296|286|0|4|3|541|454|2|4|3|102|206|2|1|144|254|2|1|354|280|3|2|240|322|0|2|-1|-1|-1|-1|-1|-1|-1|-1|-1|-1|-1|-1|-1|-1|-1|-1|-1|-1|-1|-1|-1|-1|-1|-1
-1|-1|296|270|0|4|3|541|454|2|4|3|102|214|2|1|144|262|2|1|346|280|3|2|240|314|0|2|-1|-1|-1|-1|-1|-1|-1|-1|-1|-1|-1|-1|-1|-1|-1|-1|-1|-1|-1|-1|-1|-1|-1|-1
-1|-1|296|248|0|6|2|541|454|2|4|3|102|224|2|1|144|272|2|1|336|280|3|2|240|304|0|2|-1|-1|-1|-1|-1|-1|-1|-1|-1|-1|-1|-1|-1|-1|-1|-1|-1|-1|-1|-1|-1|-1|-1|-1
-1|-1|296|218|0|6|2|541|454|2|4|3|102|234|2|1|144|282|2|1|328|278|0|2|240|294|0|2|-1|-1|-1|-1|-1|-1|-1|-1|-1|-1|-1|-1|-1|-1|-1|-1|-1|-1|-1|-1|-1|-1|-1|-1
-1|-1|296|194|0|6|2|541|454|2|4|3|102|242|2|1|144|290|2|1|328|270|0|2|240|286|0|2|-1|-1|-1|-1|-1|-1|-1|-1|-1|-1|-1|-1|-1|-1|-1|-1|-1|-1|-1|-1|-1|-1|-1|-1
-1|-1|296|164|0|6|2|541|454|2|4|3|102|252|2|1|144|300|2|1|328|260|0|2|240|276|0|2|-1|-1|-1|-1|-1|-1|-1|-1|-1|-1|-1|-1|-1|-1|-1|-1|-1|-1|-1|-1|-1|-1|-1|-1
-1|-1|296|140|0|6|2|541|454|2|4|3|102|260|2|1|144|308|2|1|328|252|0|2|240|268|0|2|-1|-1|-1|-1|-1|-1|-1|-1|-1|-1|-1|-1|-1|-1|-1|-1|-1|-1|-1|-1|-1|-1|-1|-1
-1|-1|296|110|0|6|2|541|454|2|4|3|102|270|2|1|144|318|2|1|328|242|0|2|240|258|0|2|-1|-1|-1|-1|-1|-1|-1|-1|-1|-1|-1|-1|-1|-1|-1|-1|-1|-1|-1|-1|-1|-1|-1|-1
-1|-1|296|80|0|6|2|541|454|2|4|3|102|280|2|1|144|328|2|1|328|232|0|2|240|248|0|2|-1|-1|-1|-1|-1|-1|-1|-1|-1|-1|-1|-1|-1|-1|-1|-1|-1|-1|-1|-1|-1|-1|-1|-1
1|-1|308|68|1|6|2|541|454|2|4|3|102|288|2|1|144|336|2|1|328|224|0|2|240|240|0|2|-1|-1|-1|-1|-1|-1|-1|-1|-1|-1|-1|-1|-1|-1|-1|-1|-1|-1|-1|-1|-1|-1|-1|-1
-1|3|338|68|1|6|2|533|454|3|4|3|102|298|2|1|144|346|2|1|328|214|0|2|240|230|0|2|-1|-1|-1|-1|-1|-1|-1|-1|-1|-1|-1|-1|-1|-1|-1|-1|-1|-1|-1|-1|-1|-1|-1|-1
-1|-1|368|68|1|6|2|513|454|3|4|3|102|308|2|1|144|356|2|1|328|204|0|2|240|220|0|2|-1|-1|-1|-1|-1|-1|-1|-1|-1|-1|-1|-1|-1|-1|-1|-1|-1|-1|-1|-1|-1|-1|-1|-1
-1|-1|398|68|1|6|2|493|454|3|4|3|102|318|2|1|144|366|2|1|328|194|0|2|240|210|0|2|-1|-1|-1|-1|-1|-1|-1|-1|-1|-1|-1|-1|-1|-1|-1|-1|-1|-1|-1|-1|-1|-1|-1|-1
-1|-1|422|68|1|6|2|477|454|3|4|3|102|326|2|1|144|374|2|1|328|186|0|2|240|202|0|2|-1|-1|-1|-1|-1|-1|-1|-1|-1|-1|-1|-1|-1|-1|-1|-1|-1|-1|-1|-1|-1|-1|-1|-1
-1|-1|452|68|1|6|2|457|454|3|4|3|102|336|2|1|144|384|2|1|328|176|0|2|240|192|0|2|-1|-1|-1|-1|-1|-1|-1|-1|-1|-1|-1|-1|-1|-1|-1|-1|-1|-1|-1|-1|-1|-1|-1|-1
-1|-1|476|68|1|6|2|441|454|3|4|3|102|344|2|1|144|392|2|1|328|168|0|2|240|184|0|2|-1|-1|-1|-1|-1|-1|-1|-1|-1|-1|-1|-1|-1|-1|-1|-1|-1|-1|-1|-1|-1|-1|-1|-1
-1|0|506|68|1|6|2|437|438|0|4|3|102|354|2|1|144|402|2|1|328|158|0|2|240|174|0|2|-1|-1|-1|-1|-1|-1|-1|-1|-1|-1|-1|-1|-1|-1|-1|-1|-1|-1|-1|-1|-1|-1|-1|-1
-1|-1|530|68|1|6|2|437|422|0|4|3|102|362|2|1|144|410|2|1|328|150|0|2|240|166|0|2|-1|-1|-1|-1|-1|-1|-1|-1|-1|-1|-1|-1|-1|-1|-1|-1|-1|-1|-1|-1|-1|-1|-1|-1
2|-1|542|86|2|6|2|437|402|0|4|3|102|372|2|1|144|420|2|1|328|140|0|2|240|156|0|2|-1|-1|-1|-1|-1|-1|-1|-1|-1|-1|-1|-1|-1|-1|-1|-1|-1|-1|-1|-1|-1|-1|-1|-1
-1|-1|542|110|2|6|2|437|386|0|4|3|102|380|2|1|144|428|2|1|328|132|0|2|240|148|0|2|-1|-1|-1|-1|-1|-1|-1|-1|-1|-1|-1|-1|-1|-1|-1|-1|-1|-1|-1|-1|-1|-1|-1|-1
-1|-1|542|140|2|6|2|437|366|0|4|3|110|382|1|1|144|418|0|1|336|130|1|2|240|138|0|2|-1|-1|-1|-1|-1|-1|-1|-1|-1|-1|-1|-1|-1|-1|-1|-1|-1|-1|-1|-1|-1|-1|-1|-1
-1|-1|542|170|2|6|2|437|346|0|4|3|120|382|1|1|144|408|0|1|346|130|1|2|240|128|0|2|-1|-1|-1|-1|-1|-1|-1|-1|-1|-1|-1|-1|-1|-1|-1|-1|-1|-1|-1|-1|-1|-1|-1|-1
-1|-1|542|194|2|6|2|437|330|0|4|3|128|382|1|1|144|400|0|1|354|130|1|2|240|120|0|2|-1|-1|-1|-1|-1|-1|-1|-1|-1|-1|-1|-1|-1|-1|-1|-1|-1|-1|-1|-1|-1|-1|-1|-1
-1|-1|542|224|2|6|2|437|310|0|4|3|132|378|0|1|144|390|0|1|358|136|2|2|240|126|2|2|-1|-1|-1|-1|-1|-1|-1|-1|-1|-1|-1|-1|-1|-1|-1|-1|-1|-1|-1|-1|-1|-1|-1|-1
-1|-1|542|254|2|6|2|437|290|0|4|3|132|373|0|1|144|380|0|1|358|146|2|2|240|136|2|2|-1|-1|-1|-1|-1|-1|-1|-1|-1|-1|-1|-1|-1|-1|-1|-1|-1|-1|-1|-1|-1|-1|-1|-1
-1|-1|542|278|2|6|2|437|274|0|4|3|132|369|0|1|144|372|0|1|358|154|2|2|240|144|2|2|-1|-1|-1|-1|-1|-1|-1|-1|-1|-1|-1|-1|-1|-1|-1|-1|-1|-1|-1|-1|-1|-1|-1|-1
-1|1|542|308|2|6|2|457|274|1|4|3|132|364|0|1|144|362|0|1|358|164|2|2|240|154|2|2|-1|-1|-1|-1|-1|-1|-1|-1|-1|-1|-1|-1|-1|-1|-1|-1|-1|-1|-1|-1|-1|-1|-1|-1
3|-1|530|320|3|6|2|473|274|1|4|3|132|360|0|1|144|354|0|1|358|172|2|2|240|162|2|2|-1|-1|-1|-1|-1|-1|-1|-1|-1|-1|-1|-1|-1|-1|-1|-1|-1|-1|-1|-1|-1|-1|-1|-1
-1|-1|500|320|3|6|2|493|274|1|4|3|132|355|0|1|144|344|0|1|358|182|2|2|240|172|2|2|-1|-1|-1|-1|-1|-1|-1|-1|-1|-1|-1|-1|-1|-1|-1|-1|-1|-1|-1|-1|-1|-1|-1|-1
-1|-1|470|320|3|6|2|513|274|1|4|3|132|350|0|1|144|334|0|1|360|190|1|2|240|182|2|2|-1|-1|-1|-1|-1|-1|-1|-1|-1|-1|-1|-1|-1|-1|-1|-1|-1|-1|-1|-1|-1|-1|-1|-1
-1|-1|446|320|3|6|2|529|274|1|4|3|132|346|0|1|144|326|0|1|368|190|1|2|240|190|2|2|-1|-1|-1|-1|-1|-1|-1|-1|-1|-1|-1|-1|-1|-1|-1|-1|-1|-1|-1|-1|-1|-1|-1|-1
-1|-1|416|320|3|6|2|549|274|1|4|3|132|341|0|1|144|316|0|1|378|190|1|2|240|200|2|2|-1|-1|-1|-1|-1|-1|-1|-1|-1|-1|-1|-1|-1|-1|-1|-1|-1|-1|-1|-1|-1|-1|-1|-1
-1|-1|392|320|3|6|2|555|274|1|4|3|132|337|0|1|144|308|0|1|386|190|1|2|240|208|2|2|-1|-1|-1|-1|-1|-1|-1|-1|-1|-1|-1|-1|-1|-1|-1|-1|-1|-1|-1|-1|-1|-1|-1|-1
-1|0|368|320|3|6|2|555|270|0|4|3|132|333|0|1|144|300|0|1|388|196|2|2|240|216|2|2|-1|-1|-1|-1|-1|-1|-1|-1|-1|-1|-1|-1|-1|-1|-1|-1|-1|-1|-1|-1|-1|-1|-1|-1
-1|-1|338|320|3|6|2|555|250|0|4|3|132|328|0|1|144|290|0|1|388|206|2|2|240|226|2|2|-1|-1|-1|-1|-1|-1|-1|-1|-1|-1|-1|-1|-1|-1|-1|-1|-1|-1|-1|-1|-1|-1|-1|-1
2|-1|322|328|2|4|2|555|230|0|4|3|132|323|0|1|144|280|0|1|388|216|2|2|246|230|1|2|-1|-1|-1|-1|-1|-1|-1|-1|-1|-1|-1|-1|-1|-1|-1|-1|-1|-1|-1|-1|-1|-1|-1|-1
-1|-1|322|348|2|4|2|555|210|0|4|3|132|318|0|1|144|270|0|1|382|220|3|2|256|230|1|2|-1|-1|-1|-1|-1|-1|-1|-1|-1|-1|-1|-1|-1|-1|-1|-1|-1|-1|-1|-1|-1|-1|-1|-1
-1|-1|322|364|2|4|2|555|194|0|4|3|132|310|0|1|144|262|0|1|374|220|3|2|264|230|1|2|-1|-1|-1|-1|-1|-1|-1|-1|-1|-1|-1|-1|-1|-1|-1|-1|-1|-1|-1|-1|-1|-1|-1|-1
3|-1|306|368|3|4|2|555|174|0|4|3|132|300|0|1|144|252|0|1|364|220|3|2|274|230|1|2|-1|-1|-1|-1|-1|-1|-1|-1|-1|-1|-1|-1|-1|-1|-1|-1|-1|-1|-1|-1|-1|-1|-1|-1
-1|-1|286|368|3|4|2|555|154|0|4|3|132|290|0|1|144|242|0|1|354|220|3|2|284|230|1|2|-1|-1|-1|-1|-1|-1|-1|-1|-1|-1|-1|-1|-1|-1|-1|-1|-1|-1|-1|-1|-1|-1|-1|-1
-1|-1|270|368|3|4|2|555|138|0|4|3|132|282|0|1|144|234|0|1|346|220|3|2|292|230|1|2|-1|-1|-1|-1|-1|-1|-1|-1|-1|-1|-1|-1|-1|-1|-1|-1|-1|-1|-1|-1|-1|-1|-1|-1
-1|3|250|368|3|4|2|539|134|3|4|3|132|272|0|1|144|224|0|1|336|220|3|2|290|230|3|2|-1|-1|-1|-1|-1|-1|-1|-1|-1|-1|-1|-1|-1|-1|-1|-1|-1|-1|-1|-1|-1|-1|-1|-1
2|-1|246|380|2|4|2|523|134|3|4|3|132|264|0|1|144|216|0|1|328|220|3|2|282|230|3|2|-1|-1|-1|-1|-1|-1|-1|-1|-1|-1|-1|-1|-1|-1|-1|-1|-1|-1|-1|-1|-1|-1|-1|-1
-1|-1|246|400|2|4|2|503|134|3|4|3|132|254|0|1|144|206|0|1|318|220|3|2|272|230|3|2|-1|-1|-1|-1|-1|-1|-1|-1|-1|-1|-1|-1|-1|-1|-1|-1|-1|-1|-1|-1|-1|-1|-1|-1
3|0|234|408|3|4|2|491|126|0|4|3|132|244|0|1|144|196|0|1|308|220|3|2|262|230|3|2|-1|-1|-1|-1|-1|-1|-1|-1|-1|-1|-1|-1|-1|-1|-1|-1|-1|-1|-1|-1|-1|-1|-1|-1
-1|-1|214|408|3|4|2|491|106|0|4|3|132|234|0|1|144|186|0|1|298|220|3|2|252|230|3|2|-1|-1|-1|-1|-1|-1|-1|-1|-1|-1|-1|-1|-1|-1|-1|-1|-1|-1|-1|-1|-1|-1|-1|-1
-1|3|198|408|3|4|2|475|106|3|4|3|132|226|0|1|144|178|0|1|290|220|3|2|244|230|3|2|-1|-1|-1|-1|-1|-1|-1|-1|-1|-1|-1|-1|-1|-1|-1|-1|-1|-1|-1|-1|-1|-1|-1|-1
-1|-1|182|408|3|4|2|459|106|3|4|3|132|218|0|1|144|170|0|1|282|220|3|2|236|230|3|2|-1|-1|-1|-1|-1|-1|-1|-1|-1|-1|-1|-1|-1|-1|-1|-1|-1|-1|-1|-1|-1|-1|-1|-1
-1|-1|162|408|3|4|2|439|106|3|4|3|132|208|0|1|144|160|0|1|272|220|3|2|226|230|3|2|-1|-1|-1|-1|-1|-1|-1|-1|-1|-1|-1|-1|-1|-1|-1|-1|-1|-1|-1|-1|-1|-1|-1|-1
-1|-1|146|408|3|4|2|423|106|3|4|3|132|200|0|1|144|152|0|1|264|220|3|2|218|230|3|2|-1|-1|-1|-1|-1|-1|-1|-1|-1|-1|-1|-1|-1|-1|-1|-1|-1|-1|-1|-1|-1|-1|-1|-1
-1|-1|126|408|3|4|2|403|106|3|4|3|132|190|0|1|144|142|0|1|254|220|3|2|208|230|3|2|-1|-1|-1|-1|-1|-1|-1|-1|-1|-1|-1|-1|-1|-1|-1|-1|-1|-1|-1|-1|-1|-1|-1|-1
-1|-1|106|408|3|4|2|383|106|3|4|3|132|180|0|1|144|132|0|1|244|220|3|2|198|230|3|2|-1|-1|-1|-1|-1|-1|-1|-1|-1|-1|-1|-1|-1|-1|-1|-1|-1|-1|-1|-1|-1|-1|-1|-1
-1|-1|90|408|3|4|2|367|106|3|4|3|132|172|0|1|144|124|0|1|236|220|3|2|190|230|3|2|-1|-1|-1|-1|-1|-1|-1|-1|-1|-1|-1|-1|-1|-1|-1|-1|-1|-1|-1|-1|-1|-1|-1|-1
-1|-1|70|408|3|4|2|347|106|3|4|3|132|162|0|1|146|116|1|1|226|220|3|2|180|230|3|2|-1|-1|-1|-1|-1|-1|-1|-1|-1|-1|-1|-1|-1|-1|-1|-1|-1|-1|-1|-1|-1|-1|-1|-1
-1|-1|50|408|3|4|2|327|106|3|4|3|132|152|0|1|156|116|1|1|216|220|3|2|170|230|3|2|-1|-1|-1|-1|-1|-1|-1|-1|-1|-1|-1|-1|-1|-1|-1|-1|-1|-1|-1|-1|-1|-1|-1|-1
0|-1|42|400|0|4|2|311|106|3|4|3|132|144|0|1|164|116|1|1|208|220|3|2|162|230|3|2|-1|-1|-1|-1|-1|-1|-1|-1|-1|-1|-1|-1|-1|-1|-1|-1|-1|-1|-1|-1|-1|-1|-1|-1
-1|-1|42|380|0|4|2|291|106|3|4|3|132|134|0|1|174|116|1|1|198|220|3|2|152|230|3|2|-1|-1|-1|-1|-1|-1|-1|-1|-1|-1|-1|-1|-1|-1|-1|-1|-1|-1|-1|-1|-1|-1|-1|-1
-1|0|42|360|0|4|2|275|102|0|4|3|132|124|0|1|184|116|1|1|188|220|3|2|142|230|3|2|-1|-1|-1|-1|-1|-1|-1|-1|-1|-1|-1|-1|-1|-1|-1|-1|-1|-1|-1|-1|-1|-1|-1|-1
-1|-1|42|340|0|4|2|275|82|0|4|3|132|114|0|1|194|116|1|1|178|220|3|2|132|230|3|2|-1|-1|-1|-1|-1|-1|-1|-1|-1|-1|-1|-1|-1|-1|-1|-1|-1|-1|-1|-1|-1|-1|-1|-1
3|1|30|336|3|4|2|287|78|1|4|3|132|106|0|1|196|110|0|1|170|220|3|2|124|230|3|2|-1|-1|-1|-1|-1|-1|-1|-1|-1|-1|-1|-1|-1|-1|-1|-1|-1|-1|-1|-1|-1|-1|-1|-1
-1|-1|10|336|3|4|2|307|78|1|4|3|132|96|0|1|196|100|0|1|160|220|3|2|114|230|3|2|-1|-1|-1|-1|-1|-1|-1|-1|-1|-1|-1|-1|-1|-1|-1|-1|-1|-1|-1|-1|-1|-1|-1|-1
-1|2|2|336|3|4|2|323|82|2|4|3|132|86|0|1|196|90|0|1|150|220|3|2|104|230|3|2|-1|-1|-1|-1|-1|-1|-1|-1|-1|-1|-1|-1|-1|-1|-1|-1|-1|-1|-1|-1|-1|-1|-1|-1
2|-1|2|348|2|4|2|323|98|2|4|3|138|84|1|1|204|90|1|1|142|220|3|2|96|230|3|2|-1|-1|-1|-1|-1|-1|-1|-1|-1|-1|-1|-1|-1|-1|-1|-1|-1|-1|-1|-1|-1|-1|-1|-1
-1|-1|2|368|2|4|2|323|118|2|4|3|148|84|1|1|214|90|1|1|132|220|3|2|86|230|3|2|-1|-1|-1|-1|-1|-1|-1|-1|-1|-1|-1|-1|-1|-1|-1|-1|-1|-1|-1|-1|-1|-1|-1|-1
-1|-1|2|388|2|4|2|323|138|2|4|3|158|84|1|1|222|92|2|1|122|220|3|2|76|230|3|2|-1|-1|-1|-1|-1|-1|-1|-1|-1|-1|-1|-1|-1|-1|-1|-1|-1|-1|-1|-1|-1|-1|-1|-1
1|-1|6|400|1|4|2|323|154|2|4|3|162|88|2|1|222|100|2|1|114|220|3|2|68|230|3|2|-1|-1|-1|-1|-1|-1|-1|-1|-1|-1|-1|-1|-1|-1|-1|-1|-1|-1|-1|-1|-1|-1|-1|-1
-1|-1|26|400|1|4|2|323|174|2|4|3|162|98|2|1|222|110|2|1|104|220|3|2|58|230|3|2|-1|-1|-1|-1|-1|-1|-1|-1|-1|-1|-1|-1|-1|-1|-1|-1|-1|-1|-1|-1|-1|-1|-1|-1
-1|-1|46|400|1|4|2|323|194|2|4|3|162|108|2|1|222|120|2|1|94|220|3|2|48|230|3|2|-1|-1|-1|-1|-1|-1|-1|-1|-1|-1|-1|-1|-1|-1|-1|-1|-1|-1|-1|-1|-1|-1|-1|-1
-1|-1|66|400|1|4|2|323|214|2|4|3|162|118|2|1|222|130|2|1|84|220|3|2|50|230|1|2|-1|-1|-1|-1|-1|-1|-1|-1|-1|-1|-1|-1|-1|-1|-1|-1|-1|-1|-1|-1|-1|-1|-1|-1
-1|-1|82|400|1|4|2|323|230|2|4|3|162|126|2|1|222|138|2|1|76|220|3|2|58|230|1|2|-1|-1|-1|-1|-1|-1|-1|-1|-1|-1|-1|-1|-1|-1|-1|-1|-1|-1|-1|-1|-1|-1|-1|-1
-1|-1|102|400|1|4|2|323|250|2|4|3|162|136|2|1|222|148|2|1|66|220|3|2|68|230|1|2|-1|-1|-1|-1|-1|-1|-1|-1|-1|-1|-1|-1|-1|-1|-1|-1|-1|-1|-1|-1|-1|-1|-1|-1
-1|-1|118|400|1|4|2|323|266|2|4|3|162|144|2|1|222|156|2|1|58|220|3|2|76|230|1|2|-1|-1|-1|-1|-1|-1|-1|-1|-1|-1|-1|-1|-1|-1|-1|-1|-1|-1|-1|-1|-1|-1|-1|-1
-1|-1|138|400|1|4|2|323|286|2|4|3|162|154|2|1|222|166|2|1|64|220|1|2|86|230|1|2|-1|-1|-1|-1|-1|-1|-1|-1|-1|-1|-1|-1|-1|-1|-1|-1|-1|-1|-1|-1|-1|-1|-1|-1
-1|-1|158|400|1|4|2|323|306|2|4|3|162|164|2|1|230|168|1|1|69|220|1|2|96|230|1|2|-1|-1|-1|-1|-1|-1|-1|-1|-1|-1|-1|-1|-1|-1|-1|-1|-1|-1|-1|-1|-1|-1|-1|-1
-1|-1|178|400|1|4|2|323|326|2|4|3|162|174|2|1|240|168|1|1|74|220|1|2|106|230|1|2|-1|-1|-1|-1|-1|-1|-1|-1|-1|-1|-1|-1|-1|-1|-1|-1|-1|-1|-1|-1|-1|-1|-1|-1
-1|-1|198|400|1|4|2|323|346|2|4|3|162|184|2|1|250|168|1|1|79|220|1|2|116|230|1|2|-1|-1|-1|-1|-1|-1|-1|-1|-1|-1|-1|-1|-1|-1|-1|-1|-1|-1|-1|-1|-1|-1|-1|-1
-1|-1|214|400|1|4|2|323|362|2|4|3|162|192|2|1|258|168|1|1|83|220|1|2|124|230|1|2|-1|-1|-1|-1|-1|-1|-1|-1|-1|-1|-1|-1|-1|-1|-1|-1|-1|-1|-1|-1|-1|-1|-1|-1
-1|-1|234|400|1|4|2|323|382|2|4|3|162|202|2|1|268|168|1|1|91|220|1|2|134|230|1|2|-1|-1|-1|-1|-1|-1|-1|-1|-1|-1|-1|-1|-1|-1|-1|-1|-1|-1|-1|-1|-1|-1|-1|-1
-1|-1|254|400|1|4|2|323|402|2|4|3|170|204|1|1|278|168|1|1|101|220|1|2|144|230|1|2|-1|-1|-1|-1|-1|-1|-1|-1|-1|-1|-1|-1|-1|-1|-1|-1|-1|-1|-1|-1|-1|-1|-1|-1
-1|-1|274|400|1|4|2|323|422|2|4|3|180|204|1|1|288|168|1|1|111|220|1|2|154|230|1|2|-1|-1|-1|-1|-1|-1|-1|-1|-1|-1|-1|-1|-1|-1|-1|-1|-1|-1|-1|-1|-1|-1|-1|-1