1|0|104|240|1|4|3|445|240|3|4|3|12|10|1|1|12|442|1|1|538|10|3|2|538|442|3|2|-1|-1|-1|-1|-1|-1|-1|-1|-1|-1|-1|-1|-1|-1|-1|-1|-1|-1|-1|-1|-1|-1|-1|-1
0|0|120|236|0|4|3|425|240|3|4|3|22|10|1|1|22|442|1|1|528|10|3|2|528|442|3|2|-1|-1|-1|-1|-1|-1|-1|-1|-1|-1|-1|-1|-1|-1|-1|-1|-1|-1|-1|-1|-1|-1|-1|-1
0|0|120|216|0|4|3|405|240|3|4|3|28|14|2|1|22|432|0|1|518|10|3|2|518|442|3|2|-1|-1|-1|-1|-1|-1|-1|-1|-1|-1|-1|-1|-1|-1|-1|-1|-1|-1|-1|-1|-1|-1|-1|-1
0|3|120|200|0|4|3|389|240|3|4|3|28|22|2|1|22|424|0|1|510|10|3|2|510|442|3|2|-1|-1|-1|-1|-1|-1|-1|-1|-1|-1|-1|-1|-1|-1|-1|-1|-1|-1|-1|-1|-1|-1|-1|-1
0|0|120|180|0|4|3|373|244|2|4|3|28|32|2|1|22|414|0|1|500|10|3|2|500|442|3|2|-1|-1|-1|-1|-1|-1|-1|-1|-1|-1|-1|-1|-1|-1|-1|-1|-1|-1|-1|-1|-1|-1|-1|-1
0|0|120|160|0|4|3|373|264|2|4|3|28|42|2|1|22|404|0|1|490|10|3|2|490|442|3|2|-1|-1|-1|-1|-1|-1|-1|-1|-1|-1|-1|-1|-1|-1|-1|-1|-1|-1|-1|-1|-1|-1|-1|-1
2|0|120|140|0|4|3|373|284|2|4|3|28|52|2|1|22|394|0|1|480|10|3|2|480|442|3|2|-1|-1|-1|-1|-1|-1|-1|-1|-1|-1|-1|-1|-1|-1|-1|-1|-1|-1|-1|-1|-1|-1|-1|-1
0|4|136|140|1|4|3|373|300|2|4|3|28|60|2|1|22|386|0|1|472|10|3|2|472|442|3|2|-1|-1|-1|-1|-1|-1|-1|-1|-1|-1|-1|-1|-1|-1|-1|-1|-1|-1|-1|-1|-1|-1|-1|-1
0|0|156|140|1|4|3|369|316|3|4|3|28|70|2|1|22|376|0|1|462|10|3|2|462|442|3|2|-1|-1|-1|-1|-1|-1|-1|-1|-1|-1|-1|-1|-1|-1|-1|-1|-1|-1|-1|-1|-1|-1|-1|-1
0|0|176|140|1|4|3|349|316|3|4|3|28|80|2|1|22|366|0|1|452|10|3|2|452|442|3|2|-1|-1|-1|-1|-1|-1|-1|-1|-1|-1|-1|-1|-1|-1|-1|-1|-1|-1|-1|-1|-1|-1|-1|-1
0|0|192|140|1|4|3|333|316|3|4|3|28|88|2|1|22|358|0|1|444|10|3|2|444|442|3|2|-1|-1|-1|-1|-1|-1|-1|-1|-1|-1|-1|-1|-1|-1|-1|-1|-1|-1|-1|-1|-1|-1|-1|-1
0|0|212|140|1|4|3|313|316|3|4|3|28|98|2|1|22|348|0|1|434|10|3|2|442|434|0|2|-1|-1|-1|-1|-1|-1|-1|-1|-1|-1|-1|-1|-1|-1|-1|-1|-1|-1|-1|-1|-1|-1|-1|-1
0|0|228|140|1|4|3|297|316|3|4|3|28|106|2|1|22|340|0|1|426|10|3|2|442|426|0|2|-1|-1|-1|-1|-1|-1|-1|-1|-1|-1|-1|-1|-1|-1|-1|-1|-1|-1|-1|-1|-1|-1|-1|-1
0|0|248|140|1|4|3|277|316|3|4|3|28|116|2|1|22|330|0|1|416|10|3|2|442|416|0|2|-1|-1|-1|-1|-1|-1|-1|-1|-1|-1|-1|-1|-1|-1|-1|-1|-1|-1|-1|-1|-1|-1|-1|-1
0|0|268|140|1|4|3|257|316|3|4|3|28|126|2|1|22|320|0|1|406|10|3|2|442|406|0|2|-1|-1|-1|-1|-1|-1|-1|-1|-1|-1|-1|-1|-1|-1|-1|-1|-1|-1|-1|-1|-1|-1|-1|-1
0|0|284|140|1|4|3|241|316|3|4|3|28|134|2|1|22|312|0|1|398|10|3|2|442|398|0|2|-1|-1|-1|-1|-1|-1|-1|-1|-1|-1|-1|-1|-1|-1|-1|-1|-1|-1|-1|-1|-1|-1|-1|-1
0|0|304|140|1|4|3|221|316|3|4|3|28|144|2|1|32|312|1|1|388|10|3|2|442|388|0|2|-1|-1|-1|-1|-1|-1|-1|-1|-1|-1|-1|-1|-1|-1|-1|-1|-1|-1|-1|-1|-1|-1|-1|-1
0|3|324|140|1|4|3|201|316|3|4|3|28|154|2|1|42|312|1|1|378|10|3|2|442|378|0|2|-1|-1|-1|-1|-1|-1|-1|-1|-1|-1|-1|-1|-1|-1|-1|-1|-1|-1|-1|-1|-1|-1|-1|-1
3|0|340|140|1|4|3|201|332|2|4|3|28|162|2|1|48|314|2|1|370|10|3|2|442|370|0|2|-1|-1|-1|-1|-1|-1|-1|-1|-1|-1|-1|-1|-1|-1|-1|-1|-1|-1|-1|-1|-1|-1|-1|-1
0|0|348|152|2|4|3|201|352|2|4|3|28|172|2|1|48|324|2|1|360|10|3|2|442|360|0|2|-1|-1|-1|-1|-1|-1|-1|-1|-1|-1|-1|-1|-1|-1|-1|-1|-1|-1|-1|-1|-1|-1|-1|-1
0|0|348|168|2|4|3|201|368|2|4|3|30|178|1|1|48|332|2|1|352|10|3|2|442|352|0|2|-1|-1|-1|-1|-1|-1|-1|-1|-1|-1|-1|-1|-1|-1|-1|-1|-1|-1|-1|-1|-1|-1|-1|-1
0|0|348|188|2|4|3|201|388|2|4|3|40|178|1|1|48|342|2|1|346|14|2|2|442|342|0|2|-1|-1|-1|-1|-1|-1|-1|-1|-1|-1|-1|-1|-1|-1|-1|-1|-1|-1|-1|-1|-1|-1|-1|-1
4|2|348|208|2|4|3|201|408|2|4|3|50|178|1|1|48|352|2|1|346|24|2|2|442|332|0|2|-1|-1|-1|-1|-1|-1|-1|-1|-1|-1|-1|-1|-1|-1|-1|-1|-1|-1|-1|-1|-1|-1|-1|-1
0|0|344|220|3|4|3|209|416|1|4|3|58|178|1|1|48|360|2|1|346|32|2|2|442|324|0|2|-1|-1|-1|-1|-1|-1|-1|-1|-1|-1|-1|-1|-1|-1|-1|-1|-1|-1|-1|-1|-1|-1|-1|-1
0|0|324|220|3|4|3|229|416|1|4|3|68|178|1|1|48|370|2|1|340|36|3|2|442|314|0|2|-1|-1|-1|-1|-1|-1|-1|-1|-1|-1|-1|-1|-1|-1|-1|-1|-1|-1|-1|-1|-1|-1|-1|-1
0|0|308|220|3|4|3|245|416|1|4|3|76|178|1|1|48|378|2|1|332|36|3|2|438|310|3|2|-1|-1|-1|-1|-1|-1|-1|-1|-1|-1|-1|-1|-1|-1|-1|-1|-1|-1|-1|-1|-1|-1|-1|-1
0|0|288|220|3|4|3|265|416|1|4|3|86|178|1|1|48|388|2|1|322|36|3|2|428|310|3|2|-1|-1|-1|-1|-1|-1|-1|-1|-1|-1|-1|-1|-1|-1|-1|-1|-1|-1|-1|-1|-1|-1|-1|-1
0|0|268|220|3|4|3|285|416|1|4|3|96|178|1|1|48|398|2|1|312|36|3|2|418|310|3|2|-1|-1|-1|-1|-1|-1|-1|-1|-1|-1|-1|-1|-1|-1|-1|-1|-1|-1|-1|-1|-1|-1|-1|-1
0|0|248|220|3|4|3|305|416|1|4|3|106|178|1|1|48|408|2|1|302|36|3|2|408|310|3|2|-1|-1|-1|-1|-1|-1|-1|-1|-1|-1|-1|-1|-1|-1|-1|-1|-1|-1|-1|-1|-1|-1|-1|-1
3|0|232|220|3|4|3|321|416|1|4|3|114|178|1|1|48|416|2|1|294|36|3|2|400|310|3|2|-1|-1|-1|-1|-1|-1|-1|-1|-1|-1|-1|-1|-1|-1|-1|-1|-1|-1|-1|-1|-1|-1|-1|-1
0|0|220|228|2|4|3|341|416|1|4|3|124|178|1|1|58|416|1|1|284|36|3|2|390|310|3|2|-1|-1|-1|-1|-1|-1|-1|-1|-1|-1|-1|-1|-1|-1|-1|-1|-1|-1|-1|-1|-1|-1|-1|-1
0|0|220|244|2|4|3|357|416|1|4|3|132|178|1|1|66|416|1|1|276|36|3|2|382|310|3|2|-1|-1|-1|-1|-1|-1|-1|-1|-1|-1|-1|-1|-1|-1|-1|-1|-1|-1|-1|-1|-1|-1|-1|-1
0|0|220|264|2|4|3|377|416|1|4|3|142|178|1|1|76|416|1|1|266|36|3|2|372|310|3|2|-1|-1|-1|-1|-1|-1|-1|-1|-1|-1|-1|-1|-1|-1|-1|-1|-1|-1|-1|-1|-1|-1|-1|-1
0|0|220|280|2|4|3|393|416|1|4|3|150|178|1|1|84|416|1|1|258|36|3|2|364|310|3|2|-1|-1|-1|-1|-1|-1|-1|-1|-1|-1|-1|-1|-1|-1|-1|-1|-1|-1|-1|-1|-1|-1|-1|-1
0|0|220|300|2|4|3|413|416|1|4|3|160|178|1|1|94|416|1|1|248|36|3|2|354|310|3|2|-1|-1|-1|-1|-1|-1|-1|-1|-1|-1|-1|-1|-1|-1|-1|-1|-1|-1|-1|-1|-1|-1|-1|-1
0|0|220|316|2|4|3|429|416|1|4|3|168|178|1|1|102|416|1|1|240|36|3|2|346|310|3|2|-1|-1|-1|-1|-1|-1|-1|-1|-1|-1|-1|-1|-1|-1|-1|-1|-1|-1|-1|-1|-1|-1|-1|-1
0|1|220|336|2|4|3|449|416|1|4|3|168|188|2|1|112|416|1|1|230|36|3|2|336|310|3|2|-1|-1|-1|-1|-1|-1|-1|-1|-1|-1|-1|-1|-1|-1|-1|-1|-1|-1|-1|-1|-1|-1|-1|-1
0|0|220|356|2|4|3|465|412|0|4|3|168|198|2|1|122|416|1|1|220|36|3|2|326|310|3|2|-1|-1|-1|-1|-1|-1|-1|-1|-1|-1|-1|-1|-1|-1|-1|-1|-1|-1|-1|-1|-1|-1|-1|-1
0|0|220|372|2|4|3|465|396|0|4|3|168|206|2|1|126|412|0|1|216|40|2|2|318|310|3|2|-1|-1|-1|-1|-1|-1|-1|-1|-1|-1|-1|-1|-1|-1|-1|-1|-1|-1|-1|-1|-1|-1|-1|-1
2|0|220|392|2|4|3|465|376|0|4|3|168|216|2|1|126|402|0|1|216|50|2|2|308|310|3|2|-1|-1|-1|-1|-1|-1|-1|-1|-1|-1|-1|-1|-1|-1|-1|-1|-1|-1|-1|-1|-1|-1|-1|-1
0|0|224|404|1|4|3|465|360|0|4|3|168|224|2|1|126|394|0|1|216|58|2|2|300|310|3|2|-1|-1|-1|-1|-1|-1|-1|-1|-1|-1|-1|-1|-1|-1|-1|-1|-1|-1|-1|-1|-1|-1|-1|-1
0|0|244|404|1|4|3|465|340|0|4|3|168|234|2|1|126|384|0|1|222|62|1|2|290|310|3|2|-1|-1|-1|-1|-1|-1|-1|-1|-1|-1|-1|-1|-1|-1|-1|-1|-1|-1|-1|-1|-1|-1|-1|-1
0|0|260|404|1|4|3|465|324|0|4|3|168|242|2|1|126|376|0|1|230|62|1|2|282|310|3|2|-1|-1|-1|-1|-1|-1|-1|-1|-1|-1|-1|-1|-1|-1|-1|-1|-1|-1|-1|-1|-1|-1|-1|-1
0|0|280|404|1|4|3|465|304|0|4|3|168|252|2|1|126|366|0|1|240|62|1|2|272|310|3|2|-1|-1|-1|-1|-1|-1|-1|-1|-1|-1|-1|-1|-1|-1|-1|-1|-1|-1|-1|-1|-1|-1|-1|-1
0|0|296|404|1|4|3|465|288|0|4|3|168|260|2|1|126|358|0|1|248|62|1|2|268|310|1|2|-1|-1|-1|-1|-1|-1|-1|-1|-1|-1|-1|-1|-1|-1|-1|-1|-1|-1|-1|-1|-1|-1|-1|-1
0|0|316|404|1|4|3|465|268|0|4|3|168|270|2|1|126|348|0|1|258|62|1|2|278|310|1|2|-1|-1|-1|-1|-1|-1|-1|-1|-1|-1|-1|-1|-1|-1|-1|-1|-1|-1|-1|-1|-1|-1|-1|-1
0|0|332|404|1|4|3|465|252|0|4|3|168|278|2|1|126|340|0|1|266|62|1|2|286|310|1|2|-1|-1|-1|-1|-1|-1|-1|-1|-1|-1|-1|-1|-1|-1|-1|-1|-1|-1|-1|-1|-1|-1|-1|-1
0|0|352|404|1|4|3|465|232|0|4|3|168|288|2|1|126|330|0|1|276|62|1|2|296|310|1|2|-1|-1|-1|-1|-1|-1|-1|-1|-1|-1|-1|-1|-1|-1|-1|-1|-1|-1|-1|-1|-1|-1|-1|-1
0|0|372|404|1|4|3|465|212|0|4|3|168|285|0|1|126|320|0|1|286|62|1|2|306|310|1|2|-1|-1|-1|-1|-1|-1|-1|-1|-1|-1|-1|-1|-1|-1|-1|-1|-1|-1|-1|-1|-1|-1|-1|-1
0|0|388|404|1|4|3|465|196|0|4|3|168|281|0|1|126|312|0|1|294|62|1|2|314|310|1|2|-1|-1|-1|-1|-1|-1|-1|-1|-1|-1|-1|-1|-1|-1|-1|-1|-1|-1|-1|-1|-1|-1|-1|-1
0|0|408|404|1|4|3|465|176|0|4|3|168|276|0|1|126|302|0|1|304|62|1|2|324|310|1|2|-1|-1|-1|-1|-1|-1|-1|-1|-1|-1|-1|-1|-1|-1|-1|-1|-1|-1|-1|-1|-1|-1|-1|-1
0|4|424|404|1|4|3|465|160|0|4|3|168|272|0|1|126|294|0|1|312|62|1|2|332|310|1|2|-1|-1|-1|-1|-1|-1|-1|-1|-1|-1|-1|-1|-1|-1|-1|-1|-1|-1|-1|-1|-1|-1|-1|-1
0|0|444|404|1|4|3|449|156|3|4|3|168|267|0|1|126|284|0|1|322|62|1|2|332|320|2|2|-1|-1|-1|-1|-1|-1|-1|-1|-1|-1|-1|-1|-1|-1|-1|-1|-1|-1|-1|-1|-1|-1|-1|-1
0|0|460|404|1|4|3|433|156|3|4|3|168|263|0|1|126|276|0|1|330|62|1|2|332|328|2|2|-1|-1|-1|-1|-1|-1|-1|-1|-1|-1|-1|-1|-1|-1|-1|-1|-1|-1|-1|-1|-1|-1|-1|-1
0|0|480|404|1|4|3|413|156|3|4|3|168|258|0|1|126|266|0|1|340|62|1|2|332|338|2|2|-1|-1|-1|-1|-1|-1|-1|-1|-1|-1|-1|-1|-1|-1|-1|-1|-1|-1|-1|-1|-1|-1|-1|-1
0|0|496|404|1|4|3|397|156|3|4|3|168|254|0|1|126|258|0|1|348|62|1|2|332|346|2|2|-1|-1|-1|-1|-1|-1|-1|-1|-1|-1|-1|-1|-1|-1|-1|-1|-1|-1|-1|-1|-1|-1|-1|-1
0|0|516|404|1|4|3|377|156|3|4|3|168|249|0|1|126|248|0|1|358|62|1|2|332|356|2|2|-1|-1|-1|-1|-1|-1|-1|-1|-1|-1|-1|-1|-1|-1|-1|-1|-1|-1|-1|-1|-1|-1|-1|-1
0|0|536|404|1|4|3|357|156|3|4|3|168|244|0|1|126|238|0|1|368|62|1|2|332|366|2|2|-1|-1|-1|-1|-1|-1|-1|-1|-1|-1|-1|-1|-1|-1|-1|-1|-1|-1|-1|-1|-1|-1|-1|-1
0|3|552|404|1|4|3|341|156|3|4|3|168|240|0|1|126|230|0|1|376|62|1|2|332|374|2|2|-1|-1|-1|-1|-1|-1|-1|-1|-1|-1|-1|-1|-1|-1|-1|-1|-1|-1|-1|-1|-1|-1|-1|-1
0|0|555|404|1|4|3|333|168|2|4|3|168|235|0|1|126|220|0|1|386|62|1|2|332|384|2|2|-1|-1|-1|-1|-1|-1|-1|-1|-1|-1|-1|-1|-1|-1|-1|-1|-1|-1|-1|-1|-1|-1|-1|-1
0|0|555|404|1|4|3|333|188|2|4|3|168|230|0|1|126|210|0|1|396|62|1|2|332|394|2|2|-1|-1|-1|-1|-1|-1|-1|-1|-1|-1|-1|-1|-1|-1|-1|-1|-1|-1|-1|-1|-1|-1|-1|-1
1|0|555|404|1|4|3|333|204|2|4|3|168|226|0|1|126|202|0|1|404|62|1|2|336|398|1|2|-1|-1|-1|-1|-1|-1|-1|-1|-1|-1|-1|-1|-1|-1|-1|-1|-1|-1|-1|-1|-1|-1|-1|-1
0|0|555|388|0|4|3|333|224|2|4|3|168|221|0|1|126|192|0|1|414|62|1|2|346|398|1|2|-1|-1|-1|-1|-1|-1|-1|-1|-1|-1|-1|-1|-1|-1|-1|-1|-1|-1|-1|-1|-1|-1|-1|-1
0|0|555|368|0|4|3|333|244|2|4|3|168|224|2|1|126|182|0|1|424|62|1|2|354|396|0|2|-1|-1|-1|-1|-1|-1|-1|-1|-1|-1|-1|-1|-1|-1|-1|-1|-1|-1|-1|-1|-1|-1|-1|-1
0|0|555|352|0|4|3|333|260|2|4|3|168|229|2|1|126|190|2|1|432|62|1|2|354|388|0|2|-1|-1|-1|-1|-1|-1|-1|-1|-1|-1|-1|-1|-1|-1|-1|-1|-1|-1|-1|-1|-1|-1|-1|-1
0|0|555|332|0|4|3|333|280|2|4|3|168|234|2|1|126|200|2|1|442|62|1|2|354|378|0|2|-1|-1|-1|-1|-1|-1|-1|-1|-1|-1|-1|-1|-1|-1|-1|-1|-1|-1|-1|-1|-1|-1|-1|-1
0|0|555|312|0|4|3|333|300|2|4|3|168|239|2|1|126|210|2|1|452|62|1|2|354|368|0|2|-1|-1|-1|-1|-1|-1|-1|-1|-1|-1|-1|-1|-1|-1|-1|-1|-1|-1|-1|-1|-1|-1|-1|-1
0|4|555|296|0|4|3|333|316|2|4|3|168|243|2|1|126|218|2|1|460|62|1|2|354|360|0|2|-1|-1|-1|-1|-1|-1|-1|-1|-1|-1|-1|-1|-1|-1|-1|-1|-1|-1|-1|-1|-1|-1|-1|-1
0|0|555|276|0|4|3|317|320|3|4|3|168|248|2|1|126|228|2|1|470|62|1|2|354|350|0|2|-1|-1|-1|-1|-1|-1|-1|-1|-1|-1|-1|-1|-1|-1|-1|-1|-1|-1|-1|-1|-1|-1|-1|-1
0|0|555|256|0|4|3|297|320|3|4|3|168|253|2|1|126|238|2|1|480|62|1|2|354|340|0|2|-1|-1|-1|-1|-1|-1|-1|-1|-1|-1|-1|-1|-1|-1|-1|-1|-1|-1|-1|-1|-1|-1|-1|-1
0|0|555|240|0|4|3|281|320|3|4|3|168|257|2|1|126|246|2|1|488|62|1|2|354|332|0|2|-1|-1|-1|-1|-1|-1|-1|-1|-1|-1|-1|-1|-1|-1|-1|-1|-1|-1|-1|-1|-1|-1|-1|-1
4|3|555|220|0|4|3|261|320|3|4|3|168|262|2|1|126|256|2|1|498|62|1|2|354|322|0|2|-1|-1|-1|-1|-1|-1|-1|-1|-1|-1|-1|-1|-1|-1|-1|-1|-1|-1|-1|-1|-1|-1|-1|-1
0|0|539|216|3|4|3|245|324|2|4|3|168|267|2|1|126|266|2|1|508|62|1|2|354|312|0|2|-1|-1|-1|-1|-1|-1|-1|-1|-1|-1|-1|-1|-1|-1|-1|-1|-1|-1|-1|-1|-1|-1|-1|-1
0|0|523|216|3|4|3|245|340|2|4|3|168|271|2|1|126|274|2|1|516|62|1|2|354|304|0|2|-1|-1|-1|-1|-1|-1|-1|-1|-1|-1|-1|-1|-1|-1|-1|-1|-1|-1|-1|-1|-1|-1|-1|-1
0|0|503|216|3|4|3|245|360|2|4|3|168|276|2|1|126|284|2|1|526|62|1|2|354|294|0|2|-1|-1|-1|-1|-1|-1|-1|-1|-1|-1|-1|-1|-1|-1|-1|-1|-1|-1|-1|-1|-1|-1|-1|-1
0|0|483|216|3|4|3|245|380|2|4|3|173|278|1|1|126|294|2|1|520|62|3|2|354|284|0|2|-1|-1|-1|-1|-1|-1|-1|-1|-1|-1|-1|-1|-1|-1|-1|-1|-1|-1|-1|-1|-1|-1|-1|-1
0|0|467|216|3|4|3|245|396|2|4|3|181|278|1|1|126|302|2|1|512|62|3|2|354|276|0|2|-1|-1|-1|-1|-1|-1|-1|-1|-1|-1|-1|-1|-1|-1|-1|-1|-1|-1|-1|-1|-1|-1|-1|-1
1|0|447|216|3|4|3|245|416|2|4|3|191|278|1|1|126|312|2|1|502|62|3|2|354|266|0|2|-1|-1|-1|-1|-1|-1|-1|-1|-1|-1|-1|-1|-1|-1|-1|-1|-1|-1|-1|-1|-1|-1|-1|-1
0|0|443|204|0|4|3|245|432|2|4|3|199|278|1|1|126|320|2|1|494|62|3|2|354|258|0|2|-1|-1|-1|-1|-1|-1|-1|-1|-1|-1|-1|-1|-1|-1|-1|-1|-1|-1|-1|-1|-1|-1|-1|-1
0|0|443|184|0|4|3|245|452|2|4|3|209|278|1|1|126|330|2|1|484|62|3|2|354|248|0|2|-1|-1|-1|-1|-1|-1|-1|-1|-1|-1|-1|-1|-1|-1|-1|-1|-1|-1|-1|-1|-1|-1|-1|-1
4|0|443|164|0|4|3|245|454|2|4|3|219|278|1|1|126|340|2|1|474|62|3|2|354|238|0|2|-1|-1|-1|-1|-1|-1|-1|-1|-1|-1|-1|-1|-1|-1|-1|-1|-1|-1|-1|-1|-1|-1|-1|-1
0|0|435|156|3|4|3|245|454|2|4|3|227|278|1|1|126|348|2|1|466|62|3|2|354|230|0|2|-1|-1|-1|-1|-1|-1|-1|-1|-1|-1|-1|-1|-1|-1|-1|-1|-1|-1|-1|-1|-1|-1|-1|-1
0|2|415|156|3|4|3|245|454|2|4|3|237|278|1|1|126|358|2|1|456|62|3|2|354|220|0|2|-1|-1|-1|-1|-1|-1|-1|-1|-1|-1|-1|-1|-1|-1|-1|-1|-1|-1|-1|-1|-1|-1|-1|-1
2|0|395|156|3|4|3|253|454|1|4|3|247|278|1|1|126|368|2|1|446|62|3|2|354|210|0|2|-1|-1|-1|-1|-1|-1|-1|-1|-1|-1|-1|-1|-1|-1|-1|-1|-1|-1|-1|-1|-1|-1|-1|-1
0|0|411|156|1|4|3|269|454|1|4|3|255|278|1|1|126|376|2|1|438|62|3|2|354|202|0|2|-1|-1|-1|-1|-1|-1|-1|-1|-1|-1|-1|-1|-1|-1|-1|-1|-1|-1|-1|-1|-1|-1|-1|-1
3|0|431|156|1|4|3|289|454|1|4|3|265|278|1|1|126|386|2|1|428|62|3|2|354|192|0|2|-1|-1|-1|-1|-1|-1|-1|-1|-1|-1|-1|-1|-1|-1|-1|-1|-1|-1|-1|-1|-1|-1|-1|-1
0|0|447|156|2|4|3|305|454|1|4|3|273|278|1|1|126|394|2|1|428|62|1|2|354|184|0|2|-1|-1|-1|-1|-1|-1|-1|-1|-1|-1|-1|-1|-1|-1|-1|-1|-1|-1|-1|-1|-1|-1|-1|-1
0|0|447|176|2|4|3|325|454|1|4|3|283|278|1|1|126|404|2|1|438|62|1|2|358|178|1|2|-1|-1|-1|-1|-1|-1|-1|-1|-1|-1|-1|-1|-1|-1|-1|-1|-1|-1|-1|-1|-1|-1|-1|-1
0|0|447|196|2|4|3|345|454|1|4|3|293|278|1|1|126|414|2|1|448|62|1|2|368|178|1|2|-1|-1|-1|-1|-1|-1|-1|-1|-1|-1|-1|-1|-1|-1|-1|-1|-1|-1|-1|-1|-1|-1|-1|-1
0|0|447|212|2|4|3|361|454|1|4|3|301|278|1|1|126|422|2|1|450|68|2|2|376|178|1|2|-1|-1|-1|-1|-1|-1|-1|-1|-1|-1|-1|-1|-1|-1|-1|-1|-1|-1|-1|-1|-1|-1|-1|-1
0|0|447|232|2|4|3|381|454|1|4|3|311|278|1|1|126|432|2|1|450|78|2|2|376|188|2|2|-1|-1|-1|-1|-1|-1|-1|-1|-1|-1|-1|-1|-1|-1|-1|-1|-1|-1|-1|-1|-1|-1|-1|-1
0|0|447|248|2|4|3|397|454|1|4|3|319|278|1|1|126|440|2|1|450|86|2|2|376|196|2|2|-1|-1|-1|-1|-1|-1|-1|-1|-1|-1|-1|-1|-1|-1|-1|-1|-1|-1|-1|-1|-1|-1|-1|-1
0|0|447|268|2|4|3|417|454|1|4|3|329|278|1|1|126|450|2|1|450|96|2|2|376|206|2|2|-1|-1|-1|-1|-1|-1|-1|-1|-1|-1|-1|-1|-1|-1|-1|-1|-1|-1|-1|-1|-1|-1|-1|-1
0|0|447|288|2|4|3|437|454|1|4|3|339|278|1|1|126|454|2|1|450|106|2|2|376|216|2|2|-1|-1|-1|-1|-1|-1|-1|-1|-1|-1|-1|-1|-1|-1|-1|-1|-1|-1|-1|-1|-1|-1|-1|-1
0|0|447|304|2|4|3|453|454|1|4|3|347|278|1|1|126|454|2|1|450|114|2|2|378|222|1|2|-1|-1|-1|-1|-1|-1|-1|-1|-1|-1|-1|-1|-1|-1|-1|-1|-1|-1|-1|-1|-1|-1|-1|-1
0|0|447|324|2|4|3|473|454|1|4|3|357|278|1|1|136|454|1|1|450|124|2|2|388|222|1|2|-1|-1|-1|-1|-1|-1|-1|-1|-1|-1|-1|-1|-1|-1|-1|-1|-1|-1|-1|-1|-1|-1|-1|-1
4|0|447|344|2|4|3|493|454|1|4|3|367|278|1|1|146|454|1|1|450|134|2|2|398|222|1|2|-1|-1|-1|-1|-1|-1|-1|-1|-1|-1|-1|-1|-1|-1|-1|-1|-1|-1|-1|-1|-1|-1|-1|-1
0|0|443|360|3|4|3|513|454|1|4|3|377|278|1|1|156|454|1|1|450|144|2|2|408|222|1|2|-1|-1|-1|-1|-1|-1|-1|-1|-1|-1|-1|-1|-1|-1|-1|-1|-1|-1|-1|-1|-1|-1|-1|-1
0|0|427|360|3|4|3|529|454|1|4|3|385|278|1|1|164|454|1|1|450|152|2|2|416|222|1|2|-1|-1|-1|-1|-1|-1|-1|-1|-1|-1|-1|-1|-1|-1|-1|-1|-1|-1|-1|-1|-1|-1|-1|-1
0|0|407|360|3|4|3|549|454|1|4|3|395|278|1|1|174|454|1|1|450|162|2|2|420|228|2|2|-1|-1|-1|-1|-1|-1|-1|-1|-1|-1|-1|-1|-1|-1|-1|-1|-1|-1|-1|-1|-1|-1|-1|-1
0|0|387|360|3|4|3|555|454|1|4|3|405|278|1|1|184|454|1|1|444|166|3|2|420|238|2|2|-1|-1|-1|-1|-1|-1|-1|-1|-1|-1|-1|-1|-1|-1|-1|-1|-1|-1|-1|-1|-1|-1|-1|-1
0|0|371|360|3|4|3|555|454|1|4|3|413|278|1|1|192|454|1|1|436|166|3|2|418|244|3|2|-1|-1|-1|-1|-1|-1|-1|-1|-1|-1|-1|-1|-1|-1|-1|-1|-1|-1|-1|-1|-1|-1|-1|-1
0|0|355|360|3|4|3|555|454|1|4|3|421|278|1|1|200|454|1|1|428|166|3|2|410|244|3|2|-1|-1|-1|-1|-1|-1|-1|-1|-1|-1|-1|-1|-1|-1|-1|-1|-1|-1|-1|-1|-1|-1|-1|-1
0|0|335|360|3|4|3|555|454|1|4|3|431|278|1|1|210|454|1|1|418|166|3|2|400|244|3|2|-1|-1|-1|-1|-1|-1|-1|-1|-1|-1|-1|-1|-1|-1|-1|-1|-1|-1|-1|-1|-1|-1|-1|-1
0|0|319|360|3|4|3|555|454|1|4|3|439|278|1|1|218|454|1|1|410|166|3|2|392|244|3|2|-1|-1|-1|-1|-1|-1|-1|-1|-1|-1|-1|-1|-1|-1|-1|-1|-1|-1|-1|-1|-1|-1|-1|-1
1|0|299|360|3|4|3|555|454|1|4|3|449|278|1|1|228|454|1|1|400|166|3|2|382|244|3|2|-1|-1|-1|-1|-1|-1|-1|-1|-1|-1|-1|-1|-1|-1|-1|-1|-1|-1|-1|-1|-1|-1|-1|-1
0|0|287|352|0|4|3|555|454|1|4|3|459|278|1|1|238|454|1|1|390|166|3|2|372|244|3|2|-1|-1|-1|-1|-1|-1|-1|-1|-1|-1|-1|-1|-1|-1|-1|-1|-1|-1|-1|-1|-1|-1|-1|-1
0|0|287|336|0|4|3|555|454|1|4|3|467|278|1|1|246|454|1|1|382|166|3|2|364|244|3|2|-1|-1|-1|-1|-1|-1|-1|-1|-1|-1|-1|-1|-1|-1|-1|-1|-1|-1|-1|-1|-1|-1|-1|-1
4|1|287|316|0|4|3|555|454|1|4|3|477|278|1|1|256|454|1|1|372|166|3|2|354|244|3|2|-1|-1|-1|-1|-1|-1|-1|-1|-1|-1|-1|-1|-1|-1|-1|-1|-1|-1|-1|-1|-1|-1|-1|-1
0|4|271|312|3|4|3|555|438|0|4|3|487|278|1|1|266|454|1|1|362|166|3|2|344|244|3|2|-1|-1|-1|-1|-1|-1|-1|-1|-1|-1|-1|-1|-1|-1|-1|-1|-1|-1|-1|-1|-1|-1|-1|-1
0|0|255|312|3|4|3|551|426|3|4|3|495|278|1|1|274|454|1|1|354|166|3|2|336|244|3|2|-1|-1|-1|-1|-1|-1|-1|-1|-1|-1|-1|-1|-1|-1|-1|-1|-1|-1|-1|-1|-1|-1|-1|-1
0|0|235|312|3|4|3|531|426|3|4|3|505|278|1|1|282|452|0|1|344|166|3|2|326|244|3|2|-1|-1|-1|-1|-1|-1|-1|-1|-1|-1|-1|-1|-1|-1|-1|-1|-1|-1|-1|-1|-1|-1|-1|-1
0|0|219|312|3|4|3|515|426|3|4|3|513|278|1|1|282|444|0|1|336|166|3|2|318|244|3|2|-1|-1|-1|-1|-1|-1|-1|-1|-1|-1|-1|-1|-1|-1|-1|-1|-1|-1|-1|-1|-1|-1|-1|-1
0|0|199|312|3|4|3|495|426|3|4|3|523|278|1|1|282|434|0|1|326|166|3|2|308|244|3|2|-1|-1|-1|-1|-1|-1|-1|-1|-1|-1|-1|-1|-1|-1|-1|-1|-1|-1|-1|-1|-1|-1|-1|-1
0|0|179|312|3|4|3|475|426|3|4|3|529|278|3|1|286|428|1|1|316|166|3|2|298|244|3|2|-1|-1|-1|-1|-1|-1|-1|-1|-1|-1|-1|-1|-1|-1|-1|-1|-1|-1|-1|-1|-1|-1|-1|-1
0|1|163|312|3|4|3|459|426|3|4|3|521|278|3|1|294|428|1|1|308|166|3|2|290|244|3|2|-1|-1|-1|-1|-1|-1|-1|-1|-1|-1|-1|-1|-1|-1|-1|-1|-1|-1|-1|-1|-1|-1|-1|-1
0|0|143|312|3|4|3|451|414|0|4|3|511|278|3|1|304|428|1|1|298|166|3|2|280|244|3|2|-1|-1|-1|-1|-1|-1|-1|-1|-1|-1|-1|-1|-1|-1|-1|-1|-1|-1|-1|-1|-1|-1|-1|-1
3|4|123|312|3|4|3|451|394|0|4|3|501|278|3|1|308|422|0|1|288|166|3|2|270|244|3|2|-1|-1|-1|-1|-1|-1|-1|-1|-1|-1|-1|-1|-1|-1|-1|-1|-1|-1|-1|-1|-1|-1|-1|-1
0|0|111|316|2|4|3|451|378|3|4|3|493|278|3|1|308|414|0|1|280|166|3|2|262|244|3|2|-1|-1|-1|-1|-1|-1|-1|-1|-1|-1|-1|-1|-1|-1|-1|-1|-1|-1|-1|-1|-1|-1|-1|-1
0|1|111|336|2|4|3|431|378|3|4|3|483|278|3|1|308|404|0|1|270|166|3|2|252|244|3|2|-1|-1|-1|-1|-1|-1|-1|-1|-1|-1|-1|-1|-1|-1|-1|-1|-1|-1|-1|-1|-1|-1|-1|-1
4|0|111|356|2|4|3|419|370|0|4|3|473|278|3|1|308|394|0|1|260|166|3|2|242|244|3|2|-1|-1|-1|-1|-1|-1|-1|-1|-1|-1|-1|-1|-1|-1|-1|-1|-1|-1|-1|-1|-1|-1|-1|-1
0|0|111|372|3|4|3|419|354|0|4|3|465|278|3|1|308|386|0|1|252|166|3|2|234|244|3|2|-1|-1|-1|-1|-1|-1|-1|-1|-1|-1|-1|-1|-1|-1|-1|-1|-1|-1|-1|-1|-1|-1|-1|-1
0|4|91|372|3|4|3|419|334|0|4|3|455|278|3|1|308|376|0|1|242|166|3|2|224|244|3|2|-1|-1|-1|-1|-1|-1|-1|-1|-1|-1|-1|-1|-1|-1|-1|-1|-1|-1|-1|-1|-1|-1|-1|-1
0|0|75|372|3|4|3|407|330|3|4|3|447|278|3|1|308|368|0|1|234|166|3|2|216|244|3|2|-1|-1|-1|-1|-1|-1|-1|-1|-1|-1|-1|-1|-1|-1|-1|-1|-1|-1|-1|-1|-1|-1|-1|-1
0|1|55|372|3|4|3|387|330|3|4|3|437|278|3|1|308|358|0|1|224|166|3|2|206|244|3|2|-1|-1|-1|-1|-1|-1|-1|-1|-1|-1|-1|-1|-1|-1|-1|-1|-1|-1|-1|-1|-1|-1|-1|-1
1|0|39|372|3|4|3|387|314|0|4|2|429|278|3|1|308|350|0|1|216|166|3|2|198|244|3|2|-1|-1|-1|-1|-1|-1|-1|-1|-1|-1|-1|-1|-1|-1|-1|-1|-1|-1|-1|-1|-1|-1|-1|-1
0|0|35|356|0|4|3|387|284|0|6|2|419|278|3|1|308|340|0|1|206|166|3|2|188|244|3|2|-1|-1|-1|-1|-1|-1|-1|-1|-1|-1|-1|-1|-1|-1|-1|-1|-1|-1|-1|-1|-1|-1|-1|-1
0|0|35|340|0|4|3|387|260|0|6|2|411|278|3|1|308|332|0|1|198|166|3|2|180|244|3|2|-1|-1|-1|-1|-1|-1|-1|-1|-1|-1|-1|-1|-1|-1|-1|-1|-1|-1|-1|-1|-1|-1|-1|-1
0|0|35|320|0|4|3|387|230|0|6|2|401|278|3|1|308|322|0|1|188|166|3|2|170|244|3|2|-1|-1|-1|-1|-1|-1|-1|-1|-1|-1|-1|-1|-1|-1|-1|-1|-1|-1|-1|-1|-1|-1|-1|-1
0|0|35|300|0|4|3|387|200|0|6|2|391|278|3|1|308|312|0|1|178|166|3|2|160|244|3|2|-1|-1|-1|-1|-1|-1|-1|-1|-1|-1|-1|-1|-1|-1|-1|-1|-1|-1|-1|-1|-1|-1|-1|-1
0|0|35|284|0|4|3|387|176|0|6|2|391|270|0|1|308|304|0|1|170|166|3|2|152|244|3|2|-1|-1|-1|-1|-1|-1|-1|-1|-1|-1|-1|-1|-1|-1|-1|-1|-1|-1|-1|-1|-1|-1|-1|-1
0|0|35|264|0|4|3|387|146|0|6|2|391|260|0|1|308|294|0|1|160|166|3|2|142|244|3|2|-1|-1|-1|-1|-1|-1|-1|-1|-1|-1|-1|-1|-1|-1|-1|-1|-1|-1|-1|-1|-1|-1|-1|-1
0|0|35|248|0|4|3|387|122|0|6|2|391|252|0|1|308|286|0|1|152|166|3|2|134|244|3|2|-1|-1|-1|-1|-1|-1|-1|-1|-1|-1|-1|-1|-1|-1|-1|-1|-1|-1|-1|-1|-1|-1|-1|-1
0|0|35|228|0|4|3|387|92|0|6|2|391|242|0|1|308|276|0|1|142|166|3|2|124|244|3|2|-1|-1|-1|-1|-1|-1|-1|-1|-1|-1|-1|-1|-1|-1|-1|-1|-1|-1|-1|-1|-1|-1|-1|-1
0|0|35|212|0|4|3|387|68|0|6|2|391|234|0|1|308|268|0|1|134|166|3|2|116|244|3|2|-1|-1|-1|-1|-1|-1|-1|-1|-1|-1|-1|-1|-1|-1|-1|-1|-1|-1|-1|-1|-1|-1|-1|-1
0|0|35|196|0|4|3|387|44|0|6|2|391|226|0|1|308|260|0|1|126|166|3|2|108|244|3|2|-1|-1|-1|-1|-1|-1|-1|-1|-1|-1|-1|-1|-1|-1|-1|-1|-1|-1|-1|-1|-1|-1|-1|-1
0|0|35|176|0|4|3|387|14|0|6|2|391|216|0|1|308|250|0|1|116|166|3|2|98|244|3|2|-1|-1|-1|-1|-1|-1|-1|-1|-1|-1|-1|-1|-1|-1|-1|-1|-1|-1|-1|-1|-1|-1|-1|-1
0|0|35|156|0|4|3|387|-1|0|6|2|391|206|0|1|308|240|0|1|106|166|3|2|90|242|0|2|-1|-1|-1|-1|-1|-1|-1|-1|-1|-1|-1|-1|-1|-1|-1|-1|-1|-1|-1|-1|-1|-1|-1|-1
0|2|35|140|0|4|3|387|-1|0|6|2|391|198|0|1|308|232|0|1|98|166|3|2|90|234|0|2|-1|-1|-1|-1|-1|-1|-1|-1|-1|-1|-1|-1|-1|-1|-1|-1|-1|-1|-1|-1|-1|-1|-1|-1
0|0|35|120|0|4|3|393|-1|1|6|2|391|188|0|1|308|222|0|1|88|166|3|2|90|224|0|2|-1|-1|-1|-1|-1|-1|-1|-1|-1|-1|-1|-1|-1|-1|-1|-1|-1|-1|-1|-1|-1|-1|-1|-1
0|0|35|104|0|4|3|417|-1|1|6|2|391|180|0|1|308|214|0|1|86|160|0|2|90|216|0|2|-1|-1|-1|-1|-1|-1|-1|-1|-1|-1|-1|-1|-1|-1|-1|-1|-1|-1|-1|-1|-1|-1|-1|-1
0|3|35|84|0|4|3|447|-1|1|6|2|391|170|0|1|308|204|0|1|86|150|0|2|90|206|0|2|-1|-1|-1|-1|-1|-1|-1|-1|-1|-1|-1|-1|-1|-1|-1|-1|-1|-1|-1|-1|-1|-1|-1|-1
0|0|35|64|0|4|3|471|5|2|6|2|391|160|0|1|308|194|0|1|86|140|0|2|90|196|0|2|-1|-1|-1|-1|-1|-1|-1|-1|-1|-1|-1|-1|-1|-1|-1|-1|-1|-1|-1|-1|-1|-1|-1|-1
0|0|35|48|0|4|3|471|29|2|6|2|391|152|0|1|308|186|0|1|86|132|0|2|90|188|0|2|-1|-1|-1|-1|-1|-1|-1|-1|-1|-1|-1|-1|-1|-1|-1|-1|-1|-1|-1|-1|-1|-1|-1|-1
2|0|35|28|0|4|3|471|59|2|6|2|391|142|0|1|308|176|0|1|86|122|0|2|90|178|0|2|-1|-1|-1|-1|-1|-1|-1|-1|-1|-1|-1|-1|-1|-1|-1|-1|-1|-1|-1|-1|-1|-1|-1|-1
0|0|35|12|1|4|3|471|83|2|6|2|391|134|0|1|308|168|0|1|86|114|0|2|90|170|0|2|-1|-1|-1|-1|-1|-1|-1|-1|-1|-1|-1|-1|-1|-1|-1|-1|-1|-1|-1|-1|-1|-1|-1|-1
0|0|55|12|1|4|3|471|113|2|6|2|391|124|0|1|308|158|0|1|86|104|0|2|90|160|0|2|-1|-1|-1|-1|-1|-1|-1|-1|-1|-1|-1|-1|-1|-1|-1|-1|-1|-1|-1|-1|-1|-1|-1|-1
0|0|75|12|1|4|3|471|143|2|6|2|391|114|0|1|308|148|0|1|86|94|0|2|90|150|0|2|-1|-1|-1|-1|-1|-1|-1|-1|-1|-1|-1|-1|-1|-1|-1|-1|-1|-1|-1|-1|-1|-1|-1|-1
0|0|91|12|1|4|3|471|167|2|6|2|391|114|2|1|308|144|2|1|86|86|0|2|90|142|0|2|-1|-1|-1|-1|-1|-1|-1|-1|-1|-1|-1|-1|-1|-1|-1|-1|-1|-1|-1|-1|-1|-1|-1|-1
0|0|111|12|1|4|3|471|197|2|6|2|391|124|2|1|308|154|2|1|86|76|0|2|90|132|0|2|-1|-1|-1|-1|-1|-1|-1|-1|-1|-1|-1|-1|-1|-1|-1|-1|-1|-1|-1|-1|-1|-1|-1|-1
0|0|127|12|1|4|3|471|221|2|6|2|391|132|2|1|308|162|2|1|86|68|0|2|90|124|0|2|-1|-1|-1|-1|-1|-1|-1|-1|-1|-1|-1|-1|-1|-1|-1|-1|-1|-1|-1|-1|-1|-1|-1|-1
0|4|147|12|1|4|3|471|251|2|6|2|395|138|1|1|308|172|2|1|86|58|0|2|90|114|0|2|-1|-1|-1|-1|-1|-1|-1|-1|-1|-1|-1|-1|-1|-1|-1|-1|-1|-1|-1|-1|-1|-1|-1|-1
0|0|167|12|1|4|3|447|257|3|6|2|405|138|1|1|308|182|2|1|86|48|0|2|90|104|0|2|-1|-1|-1|-1|-1|-1|-1|-1|-1|-1|-1|-1|-1|-1|-1|-1|-1|-1|-1|-1|-1|-1|-1|-1
0|3|187|12|1|4|3|417|257|3|6|2|415|138|1|1|308|192|2|1|86|38|0|2|90|94|0|2|-1|-1|-1|-1|-1|-1|-1|-1|-1|-1|-1|-1|-1|-1|-1|-1|-1|-1|-1|-1|-1|-1|-1|-1
3|0|203|12|1|4|3|417|281|2|6|2|419|142|2|1|308|200|2|1|86|30|0|2|90|86|0|2|-1|-1|-1|-1|-1|-1|-1|-1|-1|-1|-1|-1|-1|-1|-1|-1|-1|-1|-1|-1|-1|-1|-1|-1
0|0|215|20|2|4|3|417|311|2|6|2|419|152|2|1|308|210|2|1|86|20|0|2|90|76|0|2|-1|-1|-1|-1|-1|-1|-1|-1|-1|-1|-1|-1|-1|-1|-1|-1|-1|-1|-1|-1|-1|-1|-1|-1
0|0|215|40|2|4|3|417|341|2|6|2|419|162|2|1|308|220|2|1|86|10|0|2|90|66|0|2|-1|-1|-1|-1|-1|-1|-1|-1|-1|-1|-1|-1|-1|-1|-1|-1|-1|-1|-1|-1|-1|-1|-1|-1
0|0|215|56|2|4|3|417|365|2|6|2|419|170|2|1|316|220|1|1|86|18|2|2|90|58|0|2|-1|-1|-1|-1|-1|-1|-1|-1|-1|-1|-1|-1|-1|-1|-1|-1|-1|-1|-1|-1|-1|-1|-1|-1
0|0|215|76|2|4|3|417|391|2|4|2|419|180|2|1|326|220|1|1|86|28|2|2|90|48|0|2|-1|-1|-1|-1|-1|-1|-1|-1|-1|-1|-1|-1|-1|-1|-1|-1|-1|-1|-1|-1|-1|-1|-1|-1
0|0|215|92|2|4|3|417|407|2|4|2|419|188|2|1|334|220|1|1|86|34|2|2|90|52|2|2|-1|-1|-1|-1|-1|-1|-1|-1|-1|-1|-1|-1|-1|-1|-1|-1|-1|-1|-1|-1|-1|-1|-1|-1
0|4|215|112|2|4|3|417|427|2|4|2|419|198|2|1|344|220|1|1|86|39|2|2|90|62|2|2|-1|-1|-1|-1|-1|-1|-1|-1|-1|-1|-1|-1|-1|-1|-1|-1|-1|-1|-1|-1|-1|-1|-1|-1
0|0|215|128|2|4|3|417|443|3|4|2|419|206|2|1|352|220|1|1|86|43|2|2|90|70|2|2|-1|-1|-1|-1|-1|-1|-1|-1|-1|-1|-1|-1|-1|-1|-1|-1|-1|-1|-1|-1|-1|-1|-1|-1
0|0|215|148|2|4|3|397|443|3|4|2|419|216|2|1|362|220|1|1|86|48|2|2|90|80|2|2|-1|-1|-1|-1|-1|-1|-1|-1|-1|-1|-1|-1|-1|-1|-1|-1|-1|-1|-1|-1|-1|-1|-1|-1
4|0|215|168|2|4|3|377|443|3|4|2|415|222|3|1|372|220|1|1|86|53|2|2|90|90|2|2|-1|-1|-1|-1|-1|-1|-1|-1|-1|-1|-1|-1|-1|-1|-1|-1|-1|-1|-1|-1|-1|-1|-1|-1
0|1|215|184|3|4|3|361|443|3|4|2|407|222|3|1|380|220|1|1|86|57|2|2|90|98|2|2|-1|-1|-1|-1|-1|-1|-1|-1|-1|-1|-1|-1|-1|-1|-1|-1|-1|-1|-1|-1|-1|-1|-1|-1
0|0|195|184|3|4|3|345|439|0|4|2|398|222|3|1|382|220|3|1|89|60|1|2|90|108|2|2|-1|-1|-1|-1|-1|-1|-1|-1|-1|-1|-1|-1|-1|-1|-1|-1|-1|-1|-1|-1|-1|-1|-1|-1
0|0|179|184|3|4|3|345|423|0|4|2|394|222|3|1|374|220|3|1|97|60|1|2|90|116|2|2|-1|-1|-1|-1|-1|-1|-1|-1|-1|-1|-1|-1|-1|-1|-1|-1|-1|-1|-1|-1|-1|-1|-1|-1
3|4|159|184|3|4|3|345|403|0|4|2|389|222|3|1|364|220|3|1|107|60|1|2|90|126|2|2|-1|-1|-1|-1|-1|-1|-1|-1|-1|-1|-1|-1|-1|-1|-1|-1|-1|-1|-1|-1|-1|-1|-1|-1
0|0|155|200|2|4|3|341|387|3|4|2|384|222|3|1|354|220|3|1|117|60|1|2|92|134|1|2|-1|-1|-1|-1|-1|-1|-1|-1|-1|-1|-1|-1|-1|-1|-1|-1|-1|-1|-1|-1|-1|-1|-1|-1
0|0|155|216|2|4|3|325|387|3|4|2|380|222|3|1|346|220|3|1|125|60|1|2|100|134|1|2|-1|-1|-1|-1|-1|-1|-1|-1|-1|-1|-1|-1|-1|-1|-1|-1|-1|-1|-1|-1|-1|-1|-1|-1
0|0|155|236|2|4|3|305|387|3|4|2|375|222|3|1|336|220|3|1|135|60|1|2|110|134|1|2|-1|-1|-1|-1|-1|-1|-1|-1|-1|-1|-1|-1|-1|-1|-1|-1|-1|-1|-1|-1|-1|-1|-1|-1
4|1|155|252|2|4|3|289|387|3|4|2|371|222|3|1|328|220|3|1|143|60|1|2|118|134|1|2|-1|-1|-1|-1|-1|-1|-1|-1|-1|-1|-1|-1|-1|-1|-1|-1|-1|-1|-1|-1|-1|-1|-1|-1
0|0|147|264|3|4|3|273|383|0|4|2|361|222|3|1|318|220|3|1|153|60|1|2|128|134|1|2|-1|-1|-1|-1|-1|-1|-1|-1|-1|-1|-1|-1|-1|-1|-1|-1|-1|-1|-1|-1|-1|-1|-1|-1
0|0|131|264|3|4|3|273|367|0|4|2|353|222|3|1|310|220|3|1|161|60|1|2|134|136|2|2|-1|-1|-1|-1|-1|-1|-1|-1|-1|-1|-1|-1|-1|-1|-1|-1|-1|-1|-1|-1|-1|-1|-1|-1
3|0|111|264|3|4|3|273|347|0|4|2|343|222|3|1|300|220|3|1|155|60|3|2|134|146|2|2|-1|-1|-1|-1|-1|-1|-1|-1|-1|-1|-1|-1|-1|-1|-1|-1|-1|-1|-1|-1|-1|-1|-1|-1
0|0|99|272|2|4|3|273|327|0|4|2|333|222|3|1|290|220|3|1|145|60|3|2|134|156|2|2|-1|-1|-1|-1|-1|-1|-1|-1|-1|-1|-1|-1|-1|-1|-1|-1|-1|-1|-1|-1|-1|-1|-1|-1
0|2|99|288|2|4|3|273|311|0|4|2|325|222|3|1|282|220|3|1|137|60|3|2|126|156|3|2|-1|-1|-1|-1|-1|-1|-1|-1|-1|-1|-1|-1|-1|-1|-1|-1|-1|-1|-1|-1|-1|-1|-1|-1
0|0|99|308|2|4|3|281|299|1|4|2|315|222|3|1|282|230|2|1|127|60|3|2|116|156|3|2|-1|-1|-1|-1|-1|-1|-1|-1|-1|-1|-1|-1|-1|-1|-1|-1|-1|-1|-1|-1|-1|-1|-1|-1
0|0|99|328|2|4|3|301|299|1|4|2|307|224|2|1|282|240|2|1|117|60|3|2|106|156|3|2|-1|-1|-1|-1|-1|-1|-1|-1|-1|-1|-1|-1|-1|-1|-1|-1|-1|-1|-1|-1|-1|-1|-1|-1
0|0|99|344|2|4|3|317|299|1|4|2|307|228|2|1|284|246|1|1|109|60|3|2|98|156|3|2|-1|-1|-1|-1|-1|-1|-1|-1|-1|-1|-1|-1|-1|-1|-1|-1|-1|-1|-1|-1|-1|-1|-1|-1
0|0|99|364|2|4|3|337|299|1|4|2|307|238|2|1|294|246|1|1|99|60|3|2|90|158|2|2|-1|-1|-1|-1|-1|-1|-1|-1|-1|-1|-1|-1|-1|-1|-1|-1|-1|-1|-1|-1|-1|-1|-1|-1
2|0|99|380|2|4|3|353|299|1|4|2|307|246|2|1|302|246|1|1|91|60|3|2|90|166|2|2|-1|-1|-1|-1|-1|-1|-1|-1|-1|-1|-1|-1|-1|-1|-1|-1|-1|-1|-1|-1|-1|-1|-1|-1
0|0|115|384|1|4|3|373|299|1|4|2|314|246|1|1|308|250|2|1|89|60|1|2|90|176|2|2|-1|-1|-1|-1|-1|-1|-1|-1|-1|-1|-1|-1|-1|-1|-1|-1|-1|-1|-1|-1|-1|-1|-1|-1
0|0|135|384|1|4|3|393|299|1|4|2|324|246|1|1|308|260|2|1|99|60|1|2|98|178|1|2|-1|-1|-1|-1|-1|-1|-1|-1|-1|-1|-1|-1|-1|-1|-1|-1|-1|-1|-1|-1|-1|-1|-1|-1
0|1|151|384|1|4|3|409|299|1|4|2|332|246|1|1|308|268|2|1|107|60|1|2|106|178|1|2|-1|-1|-1|-1|-1|-1|-1|-1|-1|-1|-1|-1|-1|-1|-1|-1|-1|-1|-1|-1|-1|-1|-1|-1
0|0|171|384|1|4|3|429|299|0|4|2|332|252|2|1|308|278|2|1|117|60|1|2|116|178|1|2|-1|-1|-1|-1|-1|-1|-1|-1|-1|-1|-1|-1|-1|-1|-1|-1|-1|-1|-1|-1|-1|-1|-1|-1
0|0|191|384|1|4|3|429|279|0|4|2|332|257|2|1|308|288|2|1|127|60|1|2|126|178|1|2|-1|-1|-1|-1|-1|-1|-1|-1|-1|-1|-1|-1|-1|-1|-1|-1|-1|-1|-1|-1|-1|-1|-1|-1
1|0|207|384|1|4|3|429|263|0|4|2|332|261|2|1|308|296|2|1|135|60|1|2|134|178|1|2|-1|-1|-1|-1|-1|-1|-1|-1|-1|-1|-1|-1|-1|-1|-1|-1|-1|-1|-1|-1|-1|-1|-1|-1
0|4|223|380|0|4|3|429|243|0|4|2|341|261|1|1|308|290|0|1|145|60|1|2|144|178|1|2|-1|-1|-1|-1|-1|-1|-1|-1|-1|-1|-1|-1|-1|-1|-1|-1|-1|-1|-1|-1|-1|-1|-1|-1
0|0|223|364|0|4|3|421|235|3|4|2|349|261|1|1|308|282|0|1|153|60|1|2|152|178|1|2|-1|-1|-1|-1|-1|-1|-1|-1|-1|-1|-1|-1|-1|-1|-1|-1|-1|-1|-1|-1|-1|-1|-1|-1
0|0|223|344|0|4|3|401|235|3|4|1|359|261|1|1|308|272|0|1|163|60|1|2|162|178|1|2|-1|-1|-1|-1|-1|-1|-1|-1|-1|-1|-1|-1|-1|-1|-1|-1|-1|-1|-1|-1|-1|-1|-1|-1
4|3|223|328|0|4|3|377|235|3|6|1|359|253|0|1|308|264|0|1|171|60|1|2|170|178|1|2|-1|-1|-1|-1|-1|-1|-1|-1|-1|-1|-1|-1|-1|-1|-1|-1|-1|-1|-1|-1|-1|-1|-1|-1
0|0|215|316|3|4|3|347|235|2|6|1|359|243|0|1|308|254|0|1|181|60|1|2|180|178|1|2|-1|-1|-1|-1|-1|-1|-1|-1|-1|-1|-1|-1|-1|-1|-1|-1|-1|-1|-1|-1|-1|-1|-1|-1
0|0|195|316|3|4|3|347|265|2|6|1|359|233|0|1|308|248|2|1|189|62|2|2|190|178|1|2|-1|-1|-1|-1|-1|-1|-1|-1|-1|-1|-1|-1|-1|-1|-1|-1|-1|-1|-1|-1|-1|-1|-1|-1
0|0|179|316|3|4|3|347|289|2|6|1|351|233|3|1|308|256|2|1|189|70|2|2|198|178|1|2|-1|-1|-1|-1|-1|-1|-1|-1|-1|-1|-1|-1|-1|-1|-1|-1|-1|-1|-1|-1|-1|-1|-1|-1
0|0|159|316|3|4|3|347|319|2|6|1|341|233|3|1|308|266|2|1|189|80|2|2|192|178|3|2|-1|-1|-1|-1|-1|-1|-1|-1|-1|-1|-1|-1|-1|-1|-1|-1|-1|-1|-1|-1|-1|-1|-1|-1
0|0|143|316|3|4|3|347|343|2|6|1|333|233|3|1|310|272|1|1|187|86|3|2|184|178|3|2|-1|-1|-1|-1|-1|-1|-1|-1|-1|-1|-1|-1|-1|-1|-1|-1|-1|-1|-1|-1|-1|-1|-1|-1
1|0|123|316|3|4|3|347|373|2|6|1|336|233|1|1|320|272|1|1|177|86|3|2|174|178|3|2|-1|-1|-1|-1|-1|-1|-1|-1|-1|-1|-1|-1|-1|-1|-1|-1|-1|-1|-1|-1|-1|-1|-1|-1
0|0|115|304|0|4|3|347|403|2|6|1|341|233|1|1|330|272|1|1|167|86|3|2|164|178|3|2|-1|-1|-1|-1|-1|-1|-1|-1|-1|-1|-1|-1|-1|-1|-1|-1|-1|-1|-1|-1|-1|-1|-1|-1
0|4|115|288|0|4|3|347|427|2|6|1|345|233|1|1|338|272|1|1|159|86|3|2|156|178|3|2|-1|-1|-1|-1|-1|-1|-1|-1|-1|-1|-1|-1|-1|-1|-1|-1|-1|-1|-1|-1|-1|-1|-1|-1
4|0|115|268|0|4|3|341|451|3|6|1|346|240|2|1|348|272|1|1|149|86|3|2|146|178|3|2|-1|-1|-1|-1|-1|-1|-1|-1|-1|-1|-1|-1|-1|-1|-1|-1|-1|-1|-1|-1|-1|-1|-1|-1
0|1|111|252|3|4|3|311|451|3|6|1|346|250|2|1|358|272|1|1|139|86|3|2|136|178|3|2|-1|-1|-1|-1|-1|-1|-1|-1|-1|-1|-1|-1|-1|-1|-1|-1|-1|-1|-1|-1|-1|-1|-1|-1
0|0|95|252|3|4|3|287|451|0|6|1|346|258|2|1|354|272|3|1|131|86|3|2|128|178|3|2|-1|-1|-1|-1|-1|-1|-1|-1|-1|-1|-1|-1|-1|-1|-1|-1|-1|-1|-1|-1|-1|-1|-1|-1
3|0|75|252|3|4|3|287|421|0|6|1|341|260|3|1|344|272|3|1|121|86|3|2|118|178|3|2|-1|-1|-1|-1|-1|-1|-1|-1|-1|-1|-1|-1|-1|-1|-1|-1|-1|-1|-1|-1|-1|-1|-1|-1
0|0|63|260|2|4|3|287|391|0|6|1|336|260|3|1|334|272|3|1|111|86|3|2|108|178|3|2|-1|-1|-1|-1|-1|-1|-1|-1|-1|-1|-1|-1|-1|-1|-1|-1|-1|-1|-1|-1|-1|-1|-1|-1
0|0|63|276|2|4|3|287|367|0|6|1|332|260|3|1|326|272|3|1|103|86|3|2|100|178|3|2|-1|-1|-1|-1|-1|-1|-1|-1|-1|-1|-1|-1|-1|-1|-1|-1|-1|-1|-1|-1|-1|-1|-1|-1
0|0|63|296|2|4|3|287|337|0|6|1|327|260|3|1|316|272|3|1|93|86|3|2|90|178|3|2|-1|-1|-1|-1|-1|-1|-1|-1|-1|-1|-1|-1|-1|-1|-1|-1|-1|-1|-1|-1|-1|-1|-1|-1
0|0|63|316|2|4|3|287|307|0|6|1|322|260|3|1|306|272|3|1|83|86|3|2|80|178|3|2|-1|-1|-1|-1|-1|-1|-1|-1|-1|-1|-1|-1|-1|-1|-1|-1|-1|-1|-1|-1|-1|-1|-1|-1
0|0|63|332|2|4|3|287|283|0|6|1|318|260|3|1|298|272|3|1|75|86|3|2|72|178|3|2|-1|-1|-1|-1|-1|-1|-1|-1|-1|-1|-1|-1|-1|-1|-1|-1|-1|-1|-1|-1|-1|-1|-1|-1
2|0|63|352|2|4|3|287|253|0|6|1|313|260|3|1|288|272|3|1|65|86|3|2|68|184|2|2|-1|-1|-1|-1|-1|-1|-1|-1|-1|-1|-1|-1|-1|-1|-1|-1|-1|-1|-1|-1|-1|-1|-1|-1
0|0|67|368|1|4|3|287|223|0|6|1|307|260|3|1|282|268|0|1|59|90|2|2|68|194|2|2|-1|-1|-1|-1|-1|-1|-1|-1|-1|-1|-1|-1|-1|-1|-1|-1|-1|-1|-1|-1|-1|-1|-1|-1
0|2|83|368|1|4|3|287|199|0|6|1|299|260|3|1|282|260|0|1|59|98|2|2|70|200|1|2|-1|-1|-1|-1|-1|-1|-1|-1|-1|-1|-1|-1|-1|-1|-1|-1|-1|-1|-1|-1|-1|-1|-1|-1
0|0|103|368|1|4|3|311|193|1|6|1|297|255|0|1|282|250|0|1|59|108|2|2|80|200|1|2|-1|-1|-1|-1|-1|-1|-1|-1|-1|-1|-1|-1|-1|-1|-1|-1|-1|-1|-1|-1|-1|-1|-1|-1
0|0|119|368|1|4|3|335|193|1|6|1|297|251|0|1|282|242|0|1|63|112|1|2|88|200|1|2|-1|-1|-1|-1|-1|-1|-1|-1|-1|-1|-1|-1|-1|-1|-1|-1|-1|-1|-1|-1|-1|-1|-1|-1
0|0|139|368|1|4|3|365|193|1|6|1|297|246|0|1|282|232|0|1|73|112|1|2|98|200|1|2|-1|-1|-1|-1|-1|-1|-1|-1|-1|-1|-1|-1|-1|-1|-1|-1|-1|-1|-1|-1|-1|-1|-1|-1
0|0|155|368|1|4|3|389|193|1|6|1|297|242|0|1|282|224|0|1|81|112|1|2|106|200|1|2|-1|-1|-1|-1|-1|-1|-1|-1|-1|-1|-1|-1|-1|-1|-1|-1|-1|-1|-1|-1|-1|-1|-1|-1
0|0|175|368|1|4|3|419|193|1|6|1|297|237|0|1|282|214|0|1|91|112|1|2|116|200|1|2|-1|-1|-1|-1|-1|-1|-1|-1|-1|-1|-1|-1|-1|-1|-1|-1|-1|-1|-1|-1|-1|-1|-1|-1
1|3|195|368|1|4|3|449|193|1|6|1|297|232|0|1|282|204|0|1|101|112|1|2|126|200|1|2|-1|-1|-1|-1|-1|-1|-1|-1|-1|-1|-1|-1|-1|-1|-1|-1|-1|-1|-1|-1|-1|-1|-1|-1
0|0|203|360|0|4|3|455|211|2|6|1|297|228|0|1|282|196|0|1|109|112|1|2|134|200|1|2|-1|-1|-1|-1|-1|-1|-1|-1|-1|-1|-1|-1|-1|-1|-1|-1|-1|-1|-1|-1|-1|-1|-1|-1
0|0|203|340|0|4|3|455|241|2|6|1|297|220|0|1|282|202|2|1|119|112|1|2|144|200|1|2|-1|-1|-1|-1|-1|-1|-1|-1|-1|-1|-1|-1|-1|-1|-1|-1|-1|-1|-1|-1|-1|-1|-1|-1
0|4|203|320|0|4|3|455|271|2|6|1|297|210|0|1|282|212|2|1|129|112|1|2|154|200|1|2|-1|-1|-1|-1|-1|-1|-1|-1|-1|-1|-1|-1|-1|-1|-1|-1|-1|-1|-1|-1|-1|-1|-1|-1
4|0|203|304|0|4|3|455|295|3|6|1|297|212|2|1|282|220|2|1|137|112|1|2|162|200|1|2|-1|-1|-1|-1|-1|-1|-1|-1|-1|-1|-1|-1|-1|-1|-1|-1|-1|-1|-1|-1|-1|-1|-1|-1
0|0|187|300|3|4|3|425|295|3|6|1|297|217|2|1|282|230|2|1|147|112|1|2|172|200|1|2|-1|-1|-1|-1|-1|-1|-1|-1|-1|-1|-1|-1|-1|-1|-1|-1|-1|-1|-1|-1|-1|-1|-1|-1
0|0|167|300|3|4|3|401|295|3|4|1|297|222|2|1|282|240|2|1|157|112|1|2|178|204|2|2|-1|-1|-1|-1|-1|-1|-1|-1|-1|-1|-1|-1|-1|-1|-1|-1|-1|-1|-1|-1|-1|-1|-1|-1
0|0|151|300|3|4|3|385|295|3|4|1|297|226|2|1|282|248|2|1|161|112|3|2|178|212|2|2|-1|-1|-1|-1|-1|-1|-1|-1|-1|-1|-1|-1|-1|-1|-1|-1|-1|-1|-1|-1|-1|-1|-1|-1
0|1|131|300|3|4|3|365|295|3|4|1|297|231|2|1|282|258|2|1|151|112|3|2|178|222|2|2|-1|-1|-1|-1|-1|-1|-1|-1|-1|-1|-1|-1|-1|-1|-1|-1|-1|-1|-1|-1|-1|-1|-1|-1
0|0|115|300|3|4|3|365|279|0|4|1|297|235|2|1|282|266|2|1|143|112|3|2|170|222|3|2|-1|-1|-1|-1|-1|-1|-1|-1|-1|-1|-1|-1|-1|-1|-1|-1|-1|-1|-1|-1|-1|-1|-1|-1
3|0|95|300|3|4|3|365|259|0|4|1|297|241|2|1|286|272|1|1|133|112|3|2|160|222|3|2|-1|-1|-1|-1|-1|-1|-1|-1|-1|-1|-1|-1|-1|-1|-1|-1|-1|-1|-1|-1|-1|-1|-1|-1
0|0|87|308|2|4|3|365|243|0|4|1|297|249|2|1|294|272|1|1|125|112|3|2|152|222|3|2|-1|-1|-1|-1|-1|-1|-1|-1|-1|-1|-1|-1|-1|-1|-1|-1|-1|-1|-1|-1|-1|-1|-1|-1
0|0|87|328|2|4|3|365|223|0|4|1|297|259|2|1|304|272|1|1|115|112|3|2|142|222|3|2|-1|-1|-1|-1|-1|-1|-1|-1|-1|-1|-1|-1|-1|-1|-1|-1|-1|-1|-1|-1|-1|-1|-1|-1
0|0|87|348|2|4|3|365|203|0|4|1|297|259|0|1|308|266|0|1|105|112|3|2|132|222|3|2|-1|-1|-1|-1|-1|-1|-1|-1|-1|-1|-1|-1|-1|-1|-1|-1|-1|-1|-1|-1|-1|-1|-1|-1
0|0|87|364|2|4|3|365|187|0|4|1|297|255|0|1|308|258|0|1|97|112|3|2|124|222|3|2|-1|-1|-1|-1|-1|-1|-1|-1|-1|-1|-1|-1|-1|-1|-1|-1|-1|-1|-1|-1|-1|-1|-1|-1
2|0|87|384|2|4|3|365|167|0|4|1|297|250|0|1|308|248|0|1|87|112|3|2|114|222|3|2|-1|-1|-1|-1|-1|-1|-1|-1|-1|-1|-1|-1|-1|-1|-1|-1|-1|-1|-1|-1|-1|-1|-1|-1
0|0|103|388|1|4|3|365|147|0|4|1|297|245|0|1|308|238|0|1|85|120|2|2|104|222|3|2|-1|-1|-1|-1|-1|-1|-1|-1|-1|-1|-1|-1|-1|-1|-1|-1|-1|-1|-1|-1|-1|-1|-1|-1
0|0|123|388|1|4|3|365|127|0|4|1|297|240|0|1|308|228|0|1|85|130|2|2|94|222|3|2|-1|-1|-1|-1|-1|-1|-1|-1|-1|-1|-1|-1|-1|-1|-1|-1|-1|-1|-1|-1|-1|-1|-1|-1
0|0|139|388|1|4|3|365|111|0|4|1|297|236|0|1|308|220|0|1|85|138|2|2|94|222|1|2|-1|-1|-1|-1|-1|-1|-1|-1|-1|-1|-1|-1|-1|-1|-1|-1|-1|-1|-1|-1|-1|-1|-1|-1
0|0|159|388|1|4|3|365|91|0|4|1|297|231|0|1|308|210|0|1|95|138|1|2|104|222|1|2|-1|-1|-1|-1|-1|-1|-1|-1|-1|-1|-1|-1|-1|-1|-1|-1|-1|-1|-1|-1|-1|-1|-1|-1
0|0|179|388|1|4|3|365|71|0|4|1|297|226|0|1|308|200|0|1|105|138|1|2|114|222|1|2|-1|-1|-1|-1|-1|-1|-1|-1|-1|-1|-1|-1|-1|-1|-1|-1|-1|-1|-1|-1|-1|-1|-1|-1
0|4|195|388|1|4|3|365|55|0|4|1|297|222|0|1|308|192|0|1|113|138|1|2|122|222|1|2|-1|-1|-1|-1|-1|-1|-1|-1|-1|-1|-1|-1|-1|-1|-1|-1|-1|-1|-1|-1|-1|-1|-1|-1
0|0|215|388|1|4|3|349|51|3|4|1|297|217|0|1|308|182|0|1|123|138|1|2|132|222|1|2|-1|-1|-1|-1|-1|-1|-1|-1|-1|-1|-1|-1|-1|-1|-1|-1|-1|-1|-1|-1|-1|-1|-1|-1
0|0|231|388|1|4|3|333|51|3|4|1|297|213|0|1|308|174|0|1|131|138|1|2|140|222|1|2|-1|-1|-1|-1|-1|-1|-1|-1|-1|-1|-1|-1|-1|-1|-1|-1|-1|-1|-1|-1|-1|-1|-1|-1
0|2|251|388|1|4|3|313|51|3|4|1|297|208|0|1|308|164|0|1|141|138|1|2|150|222|1|2|-1|-1|-1|-1|-1|-1|-1|-1|-1|-1|-1|-1|-1|-1|-1|-1|-1|-1|-1|-1|-1|-1|-1|-1
0|0|271|388|1|4|3|317|51|1|4|1|297|202|0|1|308|154|0|1|151|138|1|2|160|222|1|2|-1|-1|-1|-1|-1|-1|-1|-1|-1|-1|-1|-1|-1|-1|-1|-1|-1|-1|-1|-1|-1|-1|-1|-1
0|0|287|388|1|4|3|333|51|1|4|1|297|194|0|1|308|146|0|1|159|138|1|2|168|222|1|2|-1|-1|-1|-1|-1|-1|-1|-1|-1|-1|-1|-1|-1|-1|-1|-1|-1|-1|-1|-1|-1|-1|-1|-1
0|0|307|388|1|4|3|353|51|1|4|1|297|184|0|1|308|136|0|1|169|138|1|2|178|222|1|2|-1|-1|-1|-1|-1|-1|-1|-1|-1|-1|-1|-1|-1|-1|-1|-1|-1|-1|-1|-1|-1|-1|-1|-1
0|0|327|388|1|4|3|373|51|1|4|1|297|174|0|1|308|126|0|1|179|138|1|2|188|222|1|2|-1|-1|-1|-1|-1|-1|-1|-1|-1|-1|-1|-1|-1|-1|-1|-1|-1|-1|-1|-1|-1|-1|-1|-1
0|0|347|388|1|4|3|393|51|1|4|1|297|164|0|1|308|116|0|1|189|138|1|2|198|222|1|2|-1|-1|-1|-1|-1|-1|-1|-1|-1|-1|-1|-1|-1|-1|-1|-1|-1|-1|-1|-1|-1|-1|-1|-1
0|3|363|388|1|4|3|409|51|1|4|1|297|156|0|1|308|108|0|1|197|138|1|2|206|222|1|2|-1|-1|-1|-1|-1|-1|-1|-1|-1|-1|-1|-1|-1|-1|-1|-1|-1|-1|-1|-1|-1|-1|-1|-1
0|0|383|388|1|4|3|421|59|2|4|1|297|146|0|1|308|98|0|1|207|138|1|2|216|222|1|2|-1|-1|-1|-1|-1|-1|-1|-1|-1|-1|-1|-1|-1|-1|-1|-1|-1|-1|-1|-1|-1|-1|-1|-1
0|0|399|388|1|4|3|421|75|2|4|1|297|138|0|1|308|90|0|1|215|138|1|2|222|224|2|2|-1|-1|-1|-1|-1|-1|-1|-1|-1|-1|-1|-1|-1|-1|-1|-1|-1|-1|-1|-1|-1|-1|-1|-1
0|0|419|388|1|4|3|421|95|2|4|1|297|128|0|1|308|80|0|1|225|138|1|2|222|234|2|2|-1|-1|-1|-1|-1|-1|-1|-1|-1|-1|-1|-1|-1|-1|-1|-1|-1|-1|-1|-1|-1|-1|-1|-1
0|0|439|388|1|4|3|421|115|2|4|1|297|118|0|1|308|70|0|1|235|138|1|2|222|244|2|2|-1|-1|-1|-1|-1|-1|-1|-1|-1|-1|-1|-1|-1|-1|-1|-1|-1|-1|-1|-1|-1|-1|-1|-1
4|0|455|388|1|4|3|421|131|2|4|1|297|110|0|1|308|66|2|1|243|138|1|2|222|252|2|2|-1|-1|-1|-1|-1|-1|-1|-1|-1|-1|-1|-1|-1|-1|-1|-1|-1|-1|-1|-1|-1|-1|-1|-1
0|0|467|388|3|4|3|421|151|2|4|1|297|100|0|1|308|76|2|1|253|138|1|2|222|262|2|2|-1|-1|-1|-1|-1|-1|-1|-1|-1|-1|-1|-1|-1|-1|-1|-1|-1|-1|-1|-1|-1|-1|-1|-1
0|0|451|388|3|4|3|421|167|2|4|1|297|99|2|1|308|84|2|1|261|138|1|2|222|270|2|2|-1|-1|-1|-1|-1|-1|-1|-1|-1|-1|-1|-1|-1|-1|-1|-1|-1|-1|-1|-1|-1|-1|-1|-1
0|0|431|388|3|4|3|421|187|2|4|1|297|104|2|1|308|94|2|1|271|138|1|2|222|280|2|2|-1|-1|-1|-1|-1|-1|-1|-1|-1|-1|-1|-1|-1|-1|-1|-1|-1|-1|-1|-1|-1|-1|-1|-1
1|3|411|388|3|4|3|421|207|2|4|1|297|109|2|1|308|104|2|1|281|138|1|2|222|290|2|2|-1|-1|-1|-1|-1|-1|-1|-1|-1|-1|-1|-1|-1|-1|-1|-1|-1|-1|-1|-1|-1|-1|-1|-1
0|0|403|380|0|4|3|421|223|2|4|1|297|113|2|1|308|112|2|1|289|138|1|2|222|298|2|2|-1|-1|-1|-1|-1|-1|-1|-1|-1|-1|-1|-1|-1|-1|-1|-1|-1|-1|-1|-1|-1|-1|-1|-1
0|0|403|360|0|4|3|421|243|2|4|1|297|120|2|1|314|116|1|1|299|138|1|2|222|308|2|2|-1|-1|-1|-1|-1|-1|-1|-1|-1|-1|-1|-1|-1|-1|-1|-1|-1|-1|-1|-1|-1|-1|-1|-1
2|0|403|340|0|4|3|421|263|2|4|1|297|130|2|1|324|116|1|1|309|138|1|2|222|318|2|2|-1|-1|-1|-1|-1|-1|-1|-1|-1|-1|-1|-1|-1|-1|-1|-1|-1|-1|-1|-1|-1|-1|-1|-1
0|0|403|324|1|4|3|421|279|2|4|1|300|134|1|1|332|116|1|1|317|138|1|2|222|326|2|2|-1|-1|-1|-1|-1|-1|-1|-1|-1|-1|-1|-1|-1|-1|-1|-1|-1|-1|-1|-1|-1|-1|-1|-1
0|0|423|324|1|4|3|421|299|2|4|1|305|134|1|1|342|116|1|1|327|138|1|2|226|332|1|2|-1|-1|-1|-1|-1|-1|-1|-1|-1|-1|-1|-1|-1|-1|-1|-1|-1|-1|-1|-1|-1|-1|-1|-1
0|0|443|324|1|4|3|421|319|2|4|1|310|134|1|1|352|116|1|1|337|138|1|2|236|332|1|2|-1|-1|-1|-1|-1|-1|-1|-1|-1|-1|-1|-1|-1|-1|-1|-1|-1|-1|-1|-1|-1|-1|-1|-1
1|0|459|324|1|4|3|421|335|2|4|1|317|134|1|1|360|116|1|1|345|138|1|2|244|332|1|2|-1|-1|-1|-1|-1|-1|-1|-1|-1|-1|-1|-1|-1|-1|-1|-1|-1|-1|-1|-1|-1|-1|-1|-1
0|0|463|308|0|4|3|421|355|2|4|1|327|134|1|1|370|116|1|1|355|138|1|2|254|332|1|2|-1|-1|-1|-1|-1|-1|-1|-1|-1|-1|-1|-1|-1|-1|-1|-1|-1|-1|-1|-1|-1|-1|-1|-1
0|0|463|292|0|4|3|421|371|2|4|1|335|134|1|1|378|116|1|1|363|138|1|2|262|332|1|2|-1|-1|-1|-1|-1|-1|-1|-1|-1|-1|-1|-1|-1|-1|-1|-1|-1|-1|-1|-1|-1|-1|-1|-1
0|0|463|272|0|4|3|421|391|2|4|1|345|134|1|1|388|116|1|1|373|138|1|2|266|326|0|2|-1|-1|-1|-1|-1|-1|-1|-1|-1|-1|-1|-1|-1|-1|-1|-1|-1|-1|-1|-1|-1|-1|-1|-1
4|0|463|256|0|4|3|421|407|2|4|1|353|134|1|1|396|116|1|1|381|138|1|2|266|318|0|2|-1|-1|-1|-1|-1|-1|-1|-1|-1|-1|-1|-1|-1|-1|-1|-1|-1|-1|-1|-1|-1|-1|-1|-1
0|0|447|252|3|4|3|421|427|2|4|1|363|134|1|1|406|116|1|1|391|138|1|2|266|308|0|2|-1|-1|-1|-1|-1|-1|-1|-1|-1|-1|-1|-1|-1|-1|-1|-1|-1|-1|-1|-1|-1|-1|-1|-1
0|0|427|252|3|4|3|421|447|2|4|1|373|134|1|1|412|120|2|1|401|138|1|2|266|298|0|2|-1|-1|-1|-1|-1|-1|-1|-1|-1|-1|-1|-1|-1|-1|-1|-1|-1|-1|-1|-1|-1|-1|-1|-1
0|0|411|252|3|4|3|421|454|2|4|1|381|134|1|1|412|128|2|1|409|138|1|2|266|290|0|2|-1|-1|-1|-1|-1|-1|-1|-1|-1|-1|-1|-1|-1|-1|-1|-1|-1|-1|-1|-1|-1|-1|-1|-1
3|0|391|252|3|4|3|421|454|2|4|1|391|134|1|1|412|138|2|1|419|138|1|2|266|280|0|2|-1|-1|-1|-1|-1|-1|-1|-1|-1|-1|-1|-1|-1|-1|-1|-1|-1|-1|-1|-1|-1|-1|-1|-1
0|1|387|268|2|4|3|421|454|2|4|1|401|134|1|1|412|148|2|1|417|138|3|2|266|270|0|2|-1|-1|-1|-1|-1|-1|-1|-1|-1|-1|-1|-1|-1|-1|-1|-1|-1|-1|-1|-1|-1|-1|-1|-1
0|0|387|284|2|4|3|421|442|0|4|1|409|134|1|1|412|156|2|1|409|138|3|2|266|270|2|2|-1|-1|-1|-1|-1|-1|-1|-1|-1|-1|-1|-1|-1|-1|-1|-1|-1|-1|-1|-1|-1|-1|-1|-1
0|2|387|304|2|4|3|421|422|0|4|1|419|134|1|1|412|166|2|1|399|138|3|2|266|280|2|2|-1|-1|-1|-1|-1|-1|-1|-1|-1|-1|-1|-1|-1|-1|-1|-1|-1|-1|-1|-1|-1|-1|-1|-1
0|0|387|324|2|4|3|433|414|1|4|1|425|137|2|1|412|176|2|1|397|146|2|2|266|290|2|2|-1|-1|-1|-1|-1|-1|-1|-1|-1|-1|-1|-1|-1|-1|-1|-1|-1|-1|-1|-1|-1|-1|-1|-1
0|0|387|340|2|4|3|449|414|1|4|1|425|141|2|1|412|184|2|1|397|154|2|2|266|298|2|2|-1|-1|-1|-1|-1|-1|-1|-1|-1|-1|-1|-1|-1|-1|-1|-1|-1|-1|-1|-1|-1|-1|-1|-1
0|0|387|360|2|4|3|469|414|1|4|1|425|146|2|1|412|194|2|1|397|164|2|2|266|308|2|2|-1|-1|-1|-1|-1|-1|-1|-1|-1|-1|-1|-1|-1|-1|-1|-1|-1|-1|-1|-1|-1|-1|-1|-1
0|1|387|380|2|4|3|489|414|1|4|1|428|152|1|1|422|194|1|1|397|174|2|2|266|318|2|2|-1|-1|-1|-1|-1|-1|-1|-1|-1|-1|-1|-1|-1|-1|-1|-1|-1|-1|-1|-1|-1|-1|-1|-1
0|0|387|396|2|4|3|501|410|0|4|1|432|152|1|1|430|194|1|1|397|182|2|2|266|326|2|2|-1|-1|-1|-1|-1|-1|-1|-1|-1|-1|-1|-1|-1|-1|-1|-1|-1|-1|-1|-1|-1|-1|-1|-1
4|0|387|416|2|4|3|501|390|0|4|1|437|152|1|1|440|194|1|1|397|192|2|2|266|336|2|2|-1|-1|-1|-1|-1|-1|-1|-1|-1|-1|-1|-1|-1|-1|-1|-1|-1|-1|-1|-1|-1|-1|-1|-1
0|2|379|428|3|4|3|501|370|0|4|1|442|152|1|1|450|194|1|1|397|202|2|2|266|346|2|2|-1|-1|-1|-1|-1|-1|-1|-1|-1|-1|-1|-1|-1|-1|-1|-1|-1|-1|-1|-1|-1|-1|-1|-1
0|0|363|428|3|4|3|505|358|1|4|1|446|152|1|1|458|194|1|1|397|210|2|2|266|354|2|2|-1|-1|-1|-1|-1|-1|-1|-1|-1|-1|-1|-1|-1|-1|-1|-1|-1|-1|-1|-1|-1|-1|-1|-1
0|0|343|428|3|4|3|525|358|1|4|1|451|152|1|1|468|194|1|1|393|216|3|2|266|364|2|2|-1|-1|-1|-1|-1|-1|-1|-1|-1|-1|-1|-1|-1|-1|-1|-1|-1|-1|-1|-1|-1|-1|-1|-1
3|0|323|428|3|4|3|545|358|1|4|1|456|152|1|1|478|194|1|1|383|216|3|2|266|374|2|2|-1|-1|-1|-1|-1|-1|-1|-1|-1|-1|-1|-1|-1|-1|-1|-1|-1|-1|-1|-1|-1|-1|-1|-1
0|1|311|432|2|4|3|555|358|1|4|1|460|152|1|1|486|194|1|1|375|216|3|2|272|376|1|2|-1|-1|-1|-1|-1|-1|-1|-1|-1|-1|-1|-1|-1|-1|-1|-1|-1|-1|-1|-1|-1|-1|-1|-1
4|0|311|452|2|4|3|555|342|0|4|1|465|152|1|1|496|194|1|1|365|216|3|2|282|376|1|2|-1|-1|-1|-1|-1|-1|-1|-1|-1|-1|-1|-1|-1|-1|-1|-1|-1|-1|-1|-1|-1|-1|-1|-1
0|0|307|454|3|4|3|555|322|0|4|1|470|152|1|1|506|194|1|1|355|216|3|2|292|376|1|2|-1|-1|-1|-1|-1|-1|-1|-1|-1|-1|-1|-1|-1|-1|-1|-1|-1|-1|-1|-1|-1|-1|-1|-1
0|0|287|454|3|4|3|555|302|0|4|1|475|152|1|1|516|194|1|1|345|216|3|2|302|376|1|2|-1|-1|-1|-1|-1|-1|-1|-1|-1|-1|-1|-1|-1|-1|-1|-1|-1|-1|-1|-1|-1|-1|-1|-1
0|4|271|454|3|4|3|555|286|0|4|1|481|152|1|1|524|194|1|1|337|216|3|2|310|376|1|2|-1|-1|-1|-1|-1|-1|-1|-1|-1|-1|-1|-1|-1|-1|-1|-1|-1|-1|-1|-1|-1|-1|-1|-1
0|0|251|454|3|4|3|543|278|3|4|1|491|152|1|1|534|194|1|1|327|216|3|2|300|376|3|2|-1|-1|-1|-1|-1|-1|-1|-1|-1|-1|-1|-1|-1|-1|-1|-1|-1|-1|-1|-1|-1|-1|-1|-1
0|0|231|454|3|4|3|523|278|3|4|1|501|152|1|1|540|194|3|1|317|216|3|2|290|376|3|2|-1|-1|-1|-1|-1|-1|-1|-1|-1|-1|-1|-1|-1|-1|-1|-1|-1|-1|-1|-1|-1|-1|-1|-1
0|0|215|454|3|4|3|507|278|3|4|1|509|152|1|1|532|194|3|1|309|216|3|2|282|376|3|2|-1|-1|-1|-1|-1|-1|-1|-1|-1|-1|-1|-1|-1|-1|-1|-1|-1|-1|-1|-1|-1|-1|-1|-1
0|0|195|454|3|4|3|487|278|3|4|1|512|152|3|1|522|194|3|1|299|216|3|2|272|376|3|2|-1|-1|-1|-1|-1|-1|-1|-1|-1|-1|-1|-1|-1|-1|-1|-1|-1|-1|-1|-1|-1|-1|-1|-1
0|0|175|454|3|4|3|467|278|3|4|1|507|152|3|1|512|194|3|1|289|216|3|2|262|376|3|2|-1|-1|-1|-1|-1|-1|-1|-1|-1|-1|-1|-1|-1|-1|-1|-1|-1|-1|-1|-1|-1|-1|-1|-1
0|0|159|454|3|4|3|451|278|3|4|1|503|152|3|1|504|194|3|1|281|216|3|2|254|376|3|2|-1|-1|-1|-1|-1|-1|-1|-1|-1|-1|-1|-1|-1|-1|-1|-1|-1|-1|-1|-1|-1|-1|-1|-1
0|0|139|454|3|4|3|431|278|3|4|1|498|152|3|1|494|194|3|1|271|216|3|2|244|376|3|2|-1|-1|-1|-1|-1|-1|-1|-1|-1|-1|-1|-1|-1|-1|-1|-1|-1|-1|-1|-1|-1|-1|-1|-1
0|0|119|454|3|4|3|411|278|3|4|1|493|152|3|1|484|194|3|1|261|216|3|2|234|376|3|2|-1|-1|-1|-1|-1|-1|-1|-1|-1|-1|-1|-1|-1|-1|-1|-1|-1|-1|-1|-1|-1|-1|-1|-1
0|0|103|454|3|4|3|395|278|3|4|1|489|152|3|1|476|194|3|1|253|216|3|2|226|376|3|2|-1|-1|-1|-1|-1|-1|-1|-1|-1|-1|-1|-1|-1|-1|-1|-1|-1|-1|-1|-1|-1|-1|-1|-1
1|0|83|454|3|4|3|375|278|3|4|1|484|152|3|1|466|194|3|1|243|216|3|2|216|376|3|2|-1|-1|-1|-1|-1|-1|-1|-1|-1|-1|-1|-1|-1|-1|-1|-1|-1|-1|-1|-1|-1|-1|-1|-1
0|1|67|450|0|4|3|355|278|3|4|1|479|152|3|1|456|194|3|1|233|216|3|2|206|376|3|2|-1|-1|-1|-1|-1|-1|-1|-1|-1|-1|-1|-1|-1|-1|-1|-1|-1|-1|-1|-1|-1|-1|-1|-1
0|0|67|434|0|4|3|347|270|0|4|1|475|152|3|1|448|194|3|1|225|216|3|2|198|376|3|2|-1|-1|-1|-1|-1|-1|-1|-1|-1|-1|-1|-1|-1|-1|-1|-1|-1|-1|-1|-1|-1|-1|-1|-1
0|0|67|414|0|4|3|347|250|0|4|1|470|152|3|1|438|194|3|1|215|216|3|2|188|376|3|2|-1|-1|-1|-1|-1|-1|-1|-1|-1|-1|-1|-1|-1|-1|-1|-1|-1|-1|-1|-1|-1|-1|-1|-1
0|0|67|398|0|4|3|347|234|0|4|1|466|152|3|1|430|194|3|1|207|216|3|2|180|376|3|2|-1|-1|-1|-1|-1|-1|-1|-1|-1|-1|-1|-1|-1|-1|-1|-1|-1|-1|-1|-1|-1|-1|-1|-1
0|0|67|378|0|4|3|347|214|0|4|1|461|152|3|1|420|194|3|1|197|216|3|2|170|376|3|2|-1|-1|-1|-1|-1|-1|-1|-1|-1|-1|-1|-1|-1|-1|-1|-1|-1|-1|-1|-1|-1|-1|-1|-1
4|0|67|362|0|4|3|347|198|0|4|1|455|152|3|1|412|194|3|1|189|216|3|2|162|376|3|2|-1|-1|-1|-1|-1|-1|-1|-1|-1|-1|-1|-1|-1|-1|-1|-1|-1|-1|-1|-1|-1|-1|-1|-1
0|0|67|342|3|4|3|347|178|0|4|1|445|152|3|1|402|194|3|1|179|216|3|2|152|376|3|2|-1|-1|-1|-1|-1|-1|-1|-1|-1|-1|-1|-1|-1|-1|-1|-1|-1|-1|-1|-1|-1|-1|-1|-1
5|5|47|342|3|4|3|347|158|0|4|1|435|152|3|1|392|194|3|1|169|216|3|2|142|376|3|2|-1|-1|-1|-1|-1|-1|-1|-1|-1|-1|-1|-1|-1|-1|-1|-1|-1|-1|-1|-1|-1|-1|-1|-1
0|0|116|240|1|4|3|433|240|3|4|3|14|14|2|1|18|442|1|1|532|10|3|2|532|442|3|2|-1|-1|-1|-1|-1|-1|-1|-1|-1|-1|-1|-1|-1|-1|-1|-1|-1|-1|-1|-1|-1|-1|-1|-1
0|0|136|240|1|4|3|413|240|3|4|3|14|24|2|1|28|442|1|1|522|10|3|2|522|442|3|2|-1|-1|-1|-1|-1|-1|-1|-1|-1|-1|-1|-1|-1|-1|-1|-1|-1|-1|-1|-1|-1|-1|-1|-1
1|3|156|240|1|4|3|393|240|3|4|3|14|34|2|1|28|432|0|1|512|10|3|2|512|442|3|2|-1|-1|-1|-1|-1|-1|-1|-1|-1|-1|-1|-1|-1|-1|-1|-1|-1|-1|-1|-1|-1|-1|-1|-1
0|0|168|236|0|4|3|385|248|2|4|3|14|42|2|1|28|424|0|1|504|10|3|2|504|442|3|2|-1|-1|-1|-1|-1|-1|-1|-1|-1|-1|-1|-1|-1|-1|-1|-1|-1|-1|-1|-1|-1|-1|-1|-1
0|4|168|216|0|4|3|385|268|2|4|3|14|52|2|1|28|414|0|1|494|10|3|2|494|442|3|2|-1|-1|-1|-1|-1|-1|-1|-1|-1|-1|-1|-1|-1|-1|-1|-1|-1|-1|-1|-1|-1|-1|-1|-1
0|0|168|196|0|4|3|369|272|3|4|3|14|62|2|1|28|404|0|1|484|10|3|2|484|442|3|2|-1|-1|-1|-1|-1|-1|-1|-1|-1|-1|-1|-1|-1|-1|-1|-1|-1|-1|-1|-1|-1|-1|-1|-1
0|1|168|180|0|4|3|353|272|3|4|3|14|70|2|1|28|396|0|1|476|10|3|2|476|442|3|2|-1|-1|-1|-1|-1|-1|-1|-1|-1|-1|-1|-1|-1|-1|-1|-1|-1|-1|-1|-1|-1|-1|-1|-1
4|0|168|160|0|4|3|349|256|0|4|3|14|80|2|1|28|386|0|1|466|10|3|2|466|442|3|2|-1|-1|-1|-1|-1|-1|-1|-1|-1|-1|-1|-1|-1|-1|-1|-1|-1|-1|-1|-1|-1|-1|-1|-1
0|2|168|140|3|4|3|349|236|0|4|3|14|90|2|1|28|376|0|1|456|10|3|2|456|442|3|2|-1|-1|-1|-1|-1|-1|-1|-1|-1|-1|-1|-1|-1|-1|-1|-1|-1|-1|-1|-1|-1|-1|-1|-1
0|0|152|140|3|4|3|361|232|1|4|3|14|98|2|1|28|368|0|1|448|10|3|2|448|442|3|2|-1|-1|-1|-1|-1|-1|-1|-1|-1|-1|-1|-1|-1|-1|-1|-1|-1|-1|-1|-1|-1|-1|-1|-1
0|1|132|140|3|4|3|381|232|1|4|3|14|108|2|1|28|358|0|1|438|10|3|2|438|442|3|2|-1|-1|-1|-1|-1|-1|-1|-1|-1|-1|-1|-1|-1|-1|-1|-1|-1|-1|-1|-1|-1|-1|-1|-1
3|0|112|140|3|4|3|397|228|0|4|3|14|118|2|1|28|348|0|1|428|10|3|2|428|442|3|2|-1|-1|-1|-1|-1|-1|-1|-1|-1|-1|-1|-1|-1|-1|-1|-1|-1|-1|-1|-1|-1|-1|-1|-1
0|0|112|160|2|4|3|397|208|0|4|3|14|128|2|1|28|338|0|1|418|10|3|2|418|442|3|2|-1|-1|-1|-1|-1|-1|-1|-1|-1|-1|-1|-1|-1|-1|-1|-1|-1|-1|-1|-1|-1|-1|-1|-1
0|0|112|176|2|4|3|397|192|0|4|3|14|136|2|1|28|330|0|1|410|10|3|2|410|442|3|2|-1|-1|-1|-1|-1|-1|-1|-1|-1|-1|-1|-1|-1|-1|-1|-1|-1|-1|-1|-1|-1|-1|-1|-1
0|0|112|196|2|4|3|397|172|0|4|3|14|146|2|1|28|320|0|1|400|10|3|2|400|442|3|2|-1|-1|-1|-1|-1|-1|-1|-1|-1|-1|-1|-1|-1|-1|-1|-1|-1|-1|-1|-1|-1|-1|-1|-1
0|0|112|212|2|4|3|397|156|0|4|3|14|154|2|1|28|312|0|1|392|10|3|2|392|442|3|2|-1|-1|-1|-1|-1|-1|-1|-1|-1|-1|-1|-1|-1|-1|-1|-1|-1|-1|-1|-1|-1|-1|-1|-1
2|0|112|232|2|4|3|397|136|0|4|3|14|164|2|1|28|302|0|1|382|10|3|2|382|442|3|2|-1|-1|-1|-1|-1|-1|-1|-1|-1|-1|-1|-1|-1|-1|-1|-1|-1|-1|-1|-1|-1|-1|-1|-1
0|0|128|232|1|4|3|397|120|0|4|3|14|160|0|1|28|294|0|1|374|10|3|2|374|442|3|2|-1|-1|-1|-1|-1|-1|-1|-1|-1|-1|-1|-1|-1|-1|-1|-1|-1|-1|-1|-1|-1|-1|-1|-1
0|0|148|232|1|4|3|397|100|0|4|3|14|150|0|1|28|284|0|1|364|10|3|2|364|442|3|2|-1|-1|-1|-1|-1|-1|-1|-1|-1|-1|-1|-1|-1|-1|-1|-1|-1|-1|-1|-1|-1|-1|-1|-1
0|2|164|232|1|4|3|397|84|0|4|3|14|142|0|1|28|276|0|1|356|10|3|2|356|442|3|2|-1|-1|-1|-1|-1|-1|-1|-1|-1|-1|-1|-1|-1|-1|-1|-1|-1|-1|-1|-1|-1|-1|-1|-1
0|0|184|232|1|4|3|409|76|1|4|3|14|132|0|1|28|266|0|1|346|10|3|2|346|442|3|2|-1|-1|-1|-1|-1|-1|-1|-1|-1|-1|-1|-1|-1|-1|-1|-1|-1|-1|-1|-1|-1|-1|-1|-1
0|0|204|232|1|4|3|429|76|1|4|3|14|122|0|1|28|256|0|1|336|10|3|2|342|436|0|2|-1|-1|-1|-1|-1|-1|-1|-1|-1|-1|-1|-1|-1|-1|-1|-1|-1|-1|-1|-1|-1|-1|-1|-1
0|3|220|232|1|4|3|445|76|1|4|3|14|114|0|1|28|248|0|1|328|10|3|2|342|428|0|2|-1|-1|-1|-1|-1|-1|-1|-1|-1|-1|-1|-1|-1|-1|-1|-1|-1|-1|-1|-1|-1|-1|-1|-1
0|0|240|232|1|4|3|461|80|2|4|3|14|104|0|1|28|238|0|1|318|10|3|2|342|418|0|2|-1|-1|-1|-1|-1|-1|-1|-1|-1|-1|-1|-1|-1|-1|-1|-1|-1|-1|-1|-1|-1|-1|-1|-1
1|0|260|232|1|4|3|461|100|2|4|3|14|94|0|1|28|228|0|1|308|10|3|2|342|408|0|2|-1|-1|-1|-1|-1|-1|-1|-1|-1|-1|-1|-1|-1|-1|-1|-1|-1|-1|-1|-1|-1|-1|-1|-1
0|0|276|232|0|4|3|461|116|2|4|3|14|90|2|1|28|220|0|1|300|10|3|2|342|400|0|2|-1|-1|-1|-1|-1|-1|-1|-1|-1|-1|-1|-1|-1|-1|-1|-1|-1|-1|-1|-1|-1|-1|-1|-1
0|0|276|212|0|4|3|461|136|2|4|3|14|100|2|1|28|210|0|1|290|10|3|2|342|390|0|2|-1|-1|-1|-1|-1|-1|-1|-1|-1|-1|-1|-1|-1|-1|-1|-1|-1|-1|-1|-1|-1|-1|-1|-1
4|0|276|192|0|4|3|461|156|2|4|3|14|110|2|1|28|200|0|1|280|10|3|2|342|380|0|2|-1|-1|-1|-1|-1|-1|-1|-1|-1|-1|-1|-1|-1|-1|-1|-1|-1|-1|-1|-1|-1|-1|-1|-1
0|0|268|184|3|4|3|461|172|2|4|3|14|118|2|1|28|192|0|1|272|10|3|2|342|372|0|2|-1|-1|-1|-1|-1|-1|-1|-1|-1|-1|-1|-1|-1|-1|-1|-1|-1|-1|-1|-1|-1|-1|-1|-1
0|0|248|184|3|4|3|461|192|2|4|3|14|128|2|1|28|182|0|1|262|10|3|2|342|362|0|2|-1|-1|-1|-1|-1|-1|-1|-1|-1|-1|-1|-1|-1|-1|-1|-1|-1|-1|-1|-1|-1|-1|-1|-1
0|0|228|184|3|4|3|461|212|2|4|3|14|138|2|1|28|172|0|1|252|10|3|2|342|352|0|2|-1|-1|-1|-1|-1|-1|-1|-1|-1|-1|-1|-1|-1|-1|-1|-1|-1|-1|-1|-1|-1|-1|-1|-1
0|1|208|184|3|4|3|461|232|2|4|3|14|144|2|1|28|182|2|1|242|10|3|2|342|342|0|2|-1|-1|-1|-1|-1|-1|-1|-1|-1|-1|-1|-1|-1|-1|-1|-1|-1|-1|-1|-1|-1|-1|-1|-1
0|0|192|184|3|4|3|461|216|0|4|3|14|148|2|1|28|190|2|1|234|10|3|2|342|334|0|2|-1|-1|-1|-1|-1|-1|-1|-1|-1|-1|-1|-1|-1|-1|-1|-1|-1|-1|-1|-1|-1|-1|-1|-1
3|0|172|184|3|4|3|461|196|0|4|3|14|153|2|1|28|200|2|1|224|10|3|2|342|324|0|2|-1|-1|-1|-1|-1|-1|-1|-1|-1|-1|-1|-1|-1|-1|-1|-1|-1|-1|-1|-1|-1|-1|-1|-1
0|0|164|192|2|4|3|461|180|0|4|3|14|160|2|1|28|196|0|1|216|10|3|2|336|322|3|2|-1|-1|-1|-1|-1|-1|-1|-1|-1|-1|-1|-1|-1|-1|-1|-1|-1|-1|-1|-1|-1|-1|-1|-1
0|0|164|212|2|4|3|461|160|0|4|3|14|170|2|1|28|186|0|1|206|10|3|2|326|322|3|2|-1|-1|-1|-1|-1|-1|-1|-1|-1|-1|-1|-1|-1|-1|-1|-1|-1|-1|-1|-1|-1|-1|-1|-1
0|0|164|232|2|4|3|461|140|0|4|3|14|176|0|1|28|176|0|1|196|10|3|2|316|322|3|2|-1|-1|-1|-1|-1|-1|-1|-1|-1|-1|-1|-1|-1|-1|-1|-1|-1|-1|-1|-1|-1|-1|-1|-1
0|0|164|248|2|4|3|461|124|0|4|3|14|172|0|1|28|168|0|1|188|10|3|2|308|322|3|2|-1|-1|-1|-1|-1|-1|-1|-1|-1|-1|-1|-1|-1|-1|-1|-1|-1|-1|-1|-1|-1|-1|-1|-1
0|0|164|268|2|4|3|461|104|0|4|3|14|167|0|1|28|158|0|1|178|10|3|2|298|322|3|2|-1|-1|-1|-1|-1|-1|-1|-1|-1|-1|-1|-1|-1|-1|-1|-1|-1|-1|-1|-1|-1|-1|-1|-1
0|0|164|288|2|4|3|461|84|0|4|3|14|162|0|1|28|148|0|1|168|10|3|2|288|322|3|2|-1|-1|-1|-1|-1|-1|-1|-1|-1|-1|-1|-1|-1|-1|-1|-1|-1|-1|-1|-1|-1|-1|-1|-1
0|0|164|304|2|4|3|461|68|0|4|3|14|158|0|1|28|140|0|1|160|10|3|2|280|322|3|2|-1|-1|-1|-1|-1|-1|-1|-1|-1|-1|-1|-1|-1|-1|-1|-1|-1|-1|-1|-1|-1|-1|-1|-1
0|0|164|324|2|4|3|461|48|0|4|3|14|153|0|1|28|130|0|1|150|10|3|2|270|322|3|2|-1|-1|-1|-1|-1|-1|-1|-1|-1|-1|-1|-1|-1|-1|-1|-1|-1|-1|-1|-1|-1|-1|-1|-1
0|0|164|340|2|4|3|461|32|0|4|3|14|149|0|1|28|122|0|1|158|10|1|2|262|322|3|2|-1|-1|-1|-1|-1|-1|-1|-1|-1|-1|-1|-1|-1|-1|-1|-1|-1|-1|-1|-1|-1|-1|-1|-1
0|0|164|360|2|4|3|461|12|0|4|3|14|144|0|1|28|112|0|1|168|10|1|2|252|322|3|2|-1|-1|-1|-1|-1|-1|-1|-1|-1|-1|-1|-1|-1|-1|-1|-1|-1|-1|-1|-1|-1|-1|-1|-1
0|0|164|380|2|4|3|461|-1|0|4|3|14|139|0|1|28|102|0|1|178|10|1|2|242|322|3|2|-1|-1|-1|-1|-1|-1|-1|-1|-1|-1|-1|-1|-1|-1|-1|-1|-1|-1|-1|-1|-1|-1|-1|-1
2|0|164|396|2|4|3|461|-1|0|4|3|14|135|0|1|28|94|0|1|170|10|3|2|234|322|3|2|-1|-1|-1|-1|-1|-1|-1|-1|-1|-1|-1|-1|-1|-1|-1|-1|-1|-1|-1|-1|-1|-1|-1|-1
0|0|176|404|1|4|3|461|-1|0|4|3|14|130|0|1|28|84|0|1|160|10|3|2|224|322|3|2|-1|-1|-1|-1|-1|-1|-1|-1|-1|-1|-1|-1|-1|-1|-1|-1|-1|-1|-1|-1|-1|-1|-1|-1
0|0|196|404|1|4|3|461|-1|0|4|3|14|122|0|1|28|74|0|1|150|10|3|2|214|322|3|2|-1|-1|-1|-1|-1|-1|-1|-1|-1|-1|-1|-1|-1|-1|-1|-1|-1|-1|-1|-1|-1|-1|-1|-1
0|0|216|404|1|4|3|461|-1|0|4|3|14|112|0|1|28|64|0|1|160|10|1|2|204|322|3|2|-1|-1|-1|-1|-1|-1|-1|-1|-1|-1|-1|-1|-1|-1|-1|-1|-1|-1|-1|-1|-1|-1|-1|-1
0|4|232|404|1|4|3|461|-1|0|4|3|14|104|0|1|28|56|0|1|168|10|1|2|200|322|1|2|-1|-1|-1|-1|-1|-1|-1|-1|-1|-1|-1|-1|-1|-1|-1|-1|-1|-1|-1|-1|-1|-1|-1|-1
0|0|252|404|1|4|3|449|-1|3|4|3|14|94|0|1|28|46|0|1|178|10|1|2|210|322|1|2|-1|-1|-1|-1|-1|-1|-1|-1|-1|-1|-1|-1|-1|-1|-1|-1|-1|-1|-1|-1|-1|-1|-1|-1
0|0|268|404|1|4|3|433|-1|3|4|3|14|86|0|1|28|38|0|1|186|10|1|2|218|322|1|2|-1|-1|-1|-1|-1|-1|-1|-1|-1|-1|-1|-1|-1|-1|-1|-1|-1|-1|-1|-1|-1|-1|-1|-1
0|3|288|404|1|4|3|413|-1|3|4|3|14|76|0|1|28|28|0|1|196|10|1|2|228|322|1|2|-1|-1|-1|-1|-1|-1|-1|-1|-1|-1|-1|-1|-1|-1|-1|-1|-1|-1|-1|-1|-1|-1|-1|-1
0|0|304|404|1|4|3|405|7|2|4|3|14|68|0|1|28|20|0|1|204|10|1|2|236|322|1|2|-1|-1|-1|-1|-1|-1|-1|-1|-1|-1|-1|-1|-1|-1|-1|-1|-1|-1|-1|-1|-1|-1|-1|-1
0|0|324|404|1|4|3|405|27|2|4|3|14|58|0|1|28|10|0|1|214|10|1|2|246|322|1|2|-1|-1|-1|-1|-1|-1|-1|-1|-1|-1|-1|-1|-1|-1|-1|-1|-1|-1|-1|-1|-1|-1|-1|-1
0|0|344|404|1|4|3|405|47|2|4|3|14|48|0|1|28|0|0|1|224|10|1|2|256|322|1|2|-1|-1|-1|-1|-1|-1|-1|-1|-1|-1|-1|-1|-1|-1|-1|-1|-1|-1|-1|-1|-1|-1|-1|-1
0|0|360|404|1|4|3|405|63|2|4|3|14|48|2|1|28|-1|0|1|232|10|1|2|264|322|1|2|-1|-1|-1|-1|-1|-1|-1|-1|-1|-1|-1|-1|-1|-1|-1|-1|-1|-1|-1|-1|-1|-1|-1|-1
1|0|380|404|1|4|3|405|83|2|4|3|14|58|2|1|28|9|2|1|242|10|1|2|270|326|2|2|-1|-1|-1|-1|-1|-1|-1|-1|-1|-1|-1|-1|-1|-1|-1|-1|-1|-1|-1|-1|-1|-1|-1|-1
0|0|384|392|0|4|3|405|99|2|4|3|14|66|2|1|28|17|2|1|250|10|1|2|270|334|2|2|-1|-1|-1|-1|-1|-1|-1|-1|-1|-1|-1|-1|-1|-1|-1|-1|-1|-1|-1|-1|-1|-1|-1|-1
0|0|384|372|0|4|3|405|119|2|4|3|14|76|2|1|28|27|2|1|260|10|1|2|270|344|2|2|-1|-1|-1|-1|-1|-1|-1|-1|-1|-1|-1|-1|-1|-1|-1|-1|-1|-1|-1|-1|-1|-1|-1|-1
0|0|384|356|0|4|3|405|135|2|4|3|14|84|2|1|28|35|2|1|268|10|1|2|270|352|2|2|-1|-1|-1|-1|-1|-1|-1|-1|-1|-1|-1|-1|-1|-1|-1|-1|-1|-1|-1|-1|-1|-1|-1|-1
0|4|384|336|0|4|3|405|155|2|4|3|14|94|2|1|28|45|2|1|278|10|1|2|270|362|2|2|-1|-1|-1|-1|-1|-1|-1|-1|-1|-1|-1|-1|-1|-1|-1|-1|-1|-1|-1|-1|-1|-1|-1|-1
0|0|384|320|0|4|3|393|159|3|4|3|14|102|2|1|28|53|2|1|286|10|1|2|270|370|2|2|-1|-1|-1|-1|-1|-1|-1|-1|-1|-1|-1|-1|-1|-1|-1|-1|-1|-1|-1|-1|-1|-1|-1|-1
0|0|384|300|0|4|3|373|159|3|4|3|14|112|2|1|28|63|2|1|296|10|1|2|270|360|0|2|-1|-1|-1|-1|-1|-1|-1|-1|-1|-1|-1|-1|-1|-1|-1|-1|-1|-1|-1|-1|-1|-1|-1|-1
0|0|384|284|0|4|3|357|159|3|4|3|14|120|2|1|28|71|2|1|304|10|1|2|270|352|0|2|-1|-1|-1|-1|-1|-1|-1|-1|-1|-1|-1|-1|-1|-1|-1|-1|-1|-1|-1|-1|-1|-1|-1|-1
0|0|384|264|0|4|3|337|159|3|4|3|14|130|2|1|28|81|2|1|314|10|1|2|270|342|0|2|-1|-1|-1|-1|-1|-1|-1|-1|-1|-1|-1|-1|-1|-1|-1|-1|-1|-1|-1|-1|-1|-1|-1|-1
0|0|384|244|0|4|3|317|159|3|4|3|14|140|2|1|28|91|2|1|324|10|1|2|270|332|0|2|-1|-1|-1|-1|-1|-1|-1|-1|-1|-1|-1|-1|-1|-1|-1|-1|-1|-1|-1|-1|-1|-1|-1|-1
0|0|384|228|0|4|3|301|159|3|4|3|14|148|2|1|28|99|2|1|332|10|1|2|270|324|0|2|-1|-1|-1|-1|-1|-1|-1|-1|-1|-1|-1|-1|-1|-1|-1|-1|-1|-1|-1|-1|-1|-1|-1|-1
0|0|384|208|0|4|3|281|159|3|4|3|14|158|2|1|28|109|2|1|342|10|1|2|270|314|0|2|-1|-1|-1|-1|-1|-1|-1|-1|-1|-1|-1|-1|-1|-1|-1|-1|-1|-1|-1|-1|-1|-1|-1|-1
0|0|384|188|0|4|3|261|159|3|4|3|14|168|2|1|28|119|2|1|352|10|1|2|270|304|0|2|-1|-1|-1|-1|-1|-1|-1|-1|-1|-1|-1|-1|-1|-1|-1|-1|-1|-1|-1|-1|-1|-1|-1|-1
4|0|384|172|0|4|3|245|159|3|4|3|14|172|0|1|28|127|2|1|360|10|1|2|270|296|0|2|-1|-1|-1|-1|-1|-1|-1|-1|-1|-1|-1|-1|-1|-1|-1|-1|-1|-1|-1|-1|-1|-1|-1|-1
0|0|372|164|3|4|3|225|159|3|4|3|14|162|0|1|28|137|2|1|370|10|1|2|270|286|0|2|-1|-1|-1|-1|-1|-1|-1|-1|-1|-1|-1|-1|-1|-1|-1|-1|-1|-1|-1|-1|-1|-1|-1|-1
0|0|352|164|3|4|3|205|159|3|4|3|14|152|0|1|28|147|2|1|368|10|3|2|270|276|0|2|-1|-1|-1|-1|-1|-1|-1|-1|-1|-1|-1|-1|-1|-1|-1|-1|-1|-1|-1|-1|-1|-1|-1|-1
0|0|336|164|3|4|3|189|159|3|4|3|14|152|2|1|34|149|1|1|360|10|3|2|270|268|0|2|-1|-1|-1|-1|-1|-1|-1|-1|-1|-1|-1|-1|-1|-1|-1|-1|-1|-1|-1|-1|-1|-1|-1|-1
2|2|316|164|3|4|3|169|159|3|4|3|14|162|2|1|44|149|1|1|350|10|3|2|270|258|0|2|-1|-1|-1|-1|-1|-1|-1|-1|-1|-1|-1|-1|-1|-1|-1|-1|-1|-1|-1|-1|-1|-1|-1|-1
0|0|320|164|1|4|3|165|159|1|4|3|14|172|2|1|54|149|1|1|340|10|3|2|270|248|0|2|-1|-1|-1|-1|-1|-1|-1|-1|-1|-1|-1|-1|-1|-1|-1|-1|-1|-1|-1|-1|-1|-1|-1|-1
0|0|336|164|1|4|3|181|159|1|4|3|14|168|0|1|62|149|1|1|332|10|3|2|270|240|0|2|-1|-1|-1|-1|-1|-1|-1|-1|-1|-1|-1|-1|-1|-1|-1|-1|-1|-1|-1|-1|-1|-1|-1|-1
0|3|356|164|1|4|3|201|159|1|4|3|14|158|0|1|72|149|1|1|322|10|3|2|270|230|0|2|-1|-1|-1|-1|-1|-1|-1|-1|-1|-1|-1|-1|-1|-1|-1|-1|-1|-1|-1|-1|-1|-1|-1|-1
0|0|376|164|1|4|3|209|171|2|4|3|14|148|0|1|82|149|1|1|324|10|1|2|270|220|0|2|-1|-1|-1|-1|-1|-1|-1|-1|-1|-1|-1|-1|-1|-1|-1|-1|-1|-1|-1|-1|-1|-1|-1|-1
0|4|392|164|1|4|3|209|187|2|4|3|14|156|2|1|88|151|2|1|332|10|1|2|270|212|0|2|-1|-1|-1|-1|-1|-1|-1|-1|-1|-1|-1|-1|-1|-1|-1|-1|-1|-1|-1|-1|-1|-1|-1|-1
0|3|412|164|1|4|3|197|195|3|4|3|14|166|2|1|88|161|2|1|342|10|1|2|270|202|0|2|-1|-1|-1|-1|-1|-1|-1|-1|-1|-1|-1|-1|-1|-1|-1|-1|-1|-1|-1|-1|-1|-1|-1|-1
0|0|428|164|1|4|3|185|199|2|4|3|14|174|2|1|88|169|2|1|350|10|1|2|270|194|0|2|-1|-1|-1|-1|-1|-1|-1|-1|-1|-1|-1|-1|-1|-1|-1|-1|-1|-1|-1|-1|-1|-1|-1|-1
0|0|448|164|1|4|3|185|219|2|4|3|14|184|2|1|88|179|2|1|360|10|1|2|270|184|0|2|-1|-1|-1|-1|-1|-1|-1|-1|-1|-1|-1|-1|-1|-1|-1|-1|-1|-1|-1|-1|-1|-1|-1|-1
0|0|468|164|1|4|3|185|239|2|4|3|14|194|2|1|88|189|2|1|370|10|1|2|270|174|0|2|-1|-1|-1|-1|-1|-1|-1|-1|-1|-1|-1|-1|-1|-1|-1|-1|-1|-1|-1|-1|-1|-1|-1|-1
0|0|484|164|1|4|3|185|255|2|4|3|14|202|2|1|88|197|2|1|378|10|1|2|270|166|0|2|-1|-1|-1|-1|-1|-1|-1|-1|-1|-1|-1|-1|-1|-1|-1|-1|-1|-1|-1|-1|-1|-1|-1|-1
0|0|504|164|1|4|3|185|275|2|4|3|14|212|2|1|88|207|2|1|388|10|1|2|270|156|0|2|-1|-1|-1|-1|-1|-1|-1|-1|-1|-1|-1|-1|-1|-1|-1|-1|-1|-1|-1|-1|-1|-1|-1|-1
0|0|524|164|1|4|3|185|295|2|4|3|14|222|2|1|88|217|2|1|398|10|1|2|278|154|1|2|-1|-1|-1|-1|-1|-1|-1|-1|-1|-1|-1|-1|-1|-1|-1|-1|-1|-1|-1|-1|-1|-1|-1|-1
0|0|540|164|1|4|3|185|311|2|4|3|14|230|2|1|88|225|2|1|406|10|1|2|286|154|1|2|-1|-1|-1|-1|-1|-1|-1|-1|-1|-1|-1|-1|-1|-1|-1|-1|-1|-1|-1|-1|-1|-1|-1|-1
0|0|555|164|1|4|3|185|331|2|4|3|14|240|2|1|88|235|2|1|416|10|1|2|296|154|1|2|-1|-1|-1|-1|-1|-1|-1|-1|-1|-1|-1|-1|-1|-1|-1|-1|-1|-1|-1|-1|-1|-1|-1|-1
4|0|555|164|1|4|3|185|347|2|4|3|14|248|2|1|92|239|1|1|424|10|1|2|304|154|1|2|-1|-1|-1|-1|-1|-1|-1|-1|-1|-1|-1|-1|-1|-1|-1|-1|-1|-1|-1|-1|-1|-1|-1|-1
0|0|543|164|3|4|3|185|367|2|4|3|14|258|2|1|102|239|1|1|434|10|1|2|314|154|1|2|-1|-1|-1|-1|-1|-1|-1|-1|-1|-1|-1|-1|-1|-1|-1|-1|-1|-1|-1|-1|-1|-1|-1|-1
3|0|523|164|3|4|3|185|387|2|4|3|14|268|2|1|112|239|1|1|444|10|1|2|324|154|1|2|-1|-1|-1|-1|-1|-1|-1|-1|-1|-1|-1|-1|-1|-1|-1|-1|-1|-1|-1|-1|-1|-1|-1|-1
0|0|519|176|2|4|3|185|403|2|4|3|14|276|2|1|120|239|1|1|452|10|1|2|332|154|1|2|-1|-1|-1|-1|-1|-1|-1|-1|-1|-1|-1|-1|-1|-1|-1|-1|-1|-1|-1|-1|-1|-1|-1|-1
0|0|519|196|2|4|3|185|423|2|4|3|14|286|2|1|130|239|1|1|462|10|1|2|342|154|1|2|-1|-1|-1|-1|-1|-1|-1|-1|-1|-1|-1|-1|-1|-1|-1|-1|-1|-1|-1|-1|-1|-1|-1|-1
0|2|519|212|2|4|3|185|439|2|4|3|14|294|2|1|138|239|1|1|470|10|1|2|342|162|2|2|-1|-1|-1|-1|-1|-1|-1|-1|-1|-1|-1|-1|-1|-1|-1|-1|-1|-1|-1|-1|-1|-1|-1|-1
4|0|519|232|2|4|3|193|451|1|4|3|14|304|2|1|148|239|1|1|480|10|1|2|342|172|2|2|-1|-1|-1|-1|-1|-1|-1|-1|-1|-1|-1|-1|-1|-1|-1|-1|-1|-1|-1|-1|-1|-1|-1|-1
0|0|507|240|3|4|3|213|451|1|4|3|14|314|2|1|158|239|1|1|490|10|1|2|342|182|2|2|-1|-1|-1|-1|-1|-1|-1|-1|-1|-1|-1|-1|-1|-1|-1|-1|-1|-1|-1|-1|-1|-1|-1|-1
0|0|491|240|3|4|3|229|451|1|4|3|14|322|2|1|166|239|1|1|498|10|1|2|342|190|2|2|-1|-1|-1|-1|-1|-1|-1|-1|-1|-1|-1|-1|-1|-1|-1|-1|-1|-1|-1|-1|-1|-1|-1|-1
0|0|471|240|3|4|3|249|451|1|4|3|14|332|2|1|176|239|1|1|508|10|1|2|342|200|2|2|-1|-1|-1|-1|-1|-1|-1|-1|-1|-1|-1|-1|-1|-1|-1|-1|-1|-1|-1|-1|-1|-1|-1|-1
3|0|451|240|3|4|3|269|451|1|4|3|14|342|2|1|186|239|1|1|510|10|3|2|342|210|2|2|-1|-1|-1|-1|-1|-1|-1|-1|-1|-1|-1|-1|-1|-1|-1|-1|-1|-1|-1|-1|-1|-1|-1|-1
0|1|443|248|2|4|3|285|451|1|4|3|14|350|2|1|194|239|1|1|502|10|3|2|342|218|2|2|-1|-1|-1|-1|-1|-1|-1|-1|-1|-1|-1|-1|-1|-1|-1|-1|-1|-1|-1|-1|-1|-1|-1|-1
0|2|443|268|2|4|3|293|439|0|4|3|14|360|2|1|204|239|1|1|492|10|3|2|342|228|2|2|-1|-1|-1|-1|-1|-1|-1|-1|-1|-1|-1|-1|-1|-1|-1|-1|-1|-1|-1|-1|-1|-1|-1|-1
0|0|443|284|2|4|3|293|423|1|4|3|14|368|2|1|212|239|1|1|484|10|3|2|342|236|2|2|-1|-1|-1|-1|-1|-1|-1|-1|-1|-1|-1|-1|-1|-1|-1|-1|-1|-1|-1|-1|-1|-1|-1|-1
0|0|443|304|2|4|3|313|423|1|4|3|14|378|2|1|222|239|1|1|474|10|3|2|342|246|2|2|-1|-1|-1|-1|-1|-1|-1|-1|-1|-1|-1|-1|-1|-1|-1|-1|-1|-1|-1|-1|-1|-1|-1|-1
4|0|443|320|2|4|3|329|423|1|4|3|14|386|2|1|230|239|1|1|466|10|3|2|342|254|2|2|-1|-1|-1|-1|-1|-1|-1|-1|-1|-1|-1|-1|-1|-1|-1|-1|-1|-1|-1|-1|-1|-1|-1|-1
0|0|431|328|3|4|3|349|423|1|4|3|14|396|2|1|240|239|1|1|456|10|3|2|342|264|2|2|-1|-1|-1|-1|-1|-1|-1|-1|-1|-1|-1|-1|-1|-1|-1|-1|-1|-1|-1|-1|-1|-1|-1|-1
0|0|411|328|3|4|3|369|423|1|4|3|14|406|2|1|250|239|1|1|446|10|3|2|342|274|2|2|-1|-1|-1|-1|-1|-1|-1|-1|-1|-1|-1|-1|-1|-1|-1|-1|-1|-1|-1|-1|-1|-1|-1|-1
0|0|395|328|3|4|3|385|423|1|4|3|14|414|2|1|258|239|1|1|438|10|3|2|342|282|2|2|-1|-1|-1|-1|-1|-1|-1|-1|-1|-1|-1|-1|-1|-1|-1|-1|-1|-1|-1|-1|-1|-1|-1|-1
3|1|371|328|3|6|2|405|423|1|4|3|14|424|2|1|268|239|1|1|428|10|3|2|342|292|2|2|-1|-1|-1|-1|-1|-1|-1|-1|-1|-1|-1|-1|-1|-1|-1|-1|-1|-1|-1|-1|-1|-1|-1|-1
0|0|359|346|2|6|2|421|419|0|4|3|14|434|2|1|278|239|1|1|418|10|3|2|346|298|1|2|-1|-1|-1|-1|-1|-1|-1|-1|-1|-1|-1|-1|-1|-1|-1|-1|-1|-1|-1|-1|-1|-1|-1|-1
0|0|359|376|2|6|2|421|399|0|4|3|14|424|0|1|288|239|1|1|408|10|3|2|356|298|1|2|-1|-1|-1|-1|-1|-1|-1|-1|-1|-1|-1|-1|-1|-1|-1|-1|-1|-1|-1|-1|-1|-1|-1|-1
4|0|359|400|2|6|2|421|383|0|4|3|14|416|0|1|296|239|1|1|400|10|3|2|364|298|1|2|-1|-1|-1|-1|-1|-1|-1|-1|-1|-1|-1|-1|-1|-1|-1|-1|-1|-1|-1|-1|-1|-1|-1|-1
0|2|353|424|3|6|2|421|363|0|4|3|14|406|0|1|306|239|1|1|390|10|3|2|366|306|2|2|-1|-1|-1|-1|-1|-1|-1|-1|-1|-1|-1|-1|-1|-1|-1|-1|-1|-1|-1|-1|-1|-1|-1|-1
0|0|329|424|3|6|2|433|359|1|4|3|14|398|0|1|314|239|1|1|382|10|3|2|366|314|2|2|-1|-1|-1|-1|-1|-1|-1|-1|-1|-1|-1|-1|-1|-1|-1|-1|-1|-1|-1|-1|-1|-1|-1|-1
0|1|299|424|3|6|2|453|359|1|4|3|14|388|0|1|324|239|1|1|372|10|3|2|364|322|3|2|-1|-1|-1|-1|-1|-1|-1|-1|-1|-1|-1|-1|-1|-1|-1|-1|-1|-1|-1|-1|-1|-1|-1|-1
0|0|269|424|3|6|2|461|347|0|4|3|14|378|0|1|328|245|2|1|362|10|3|2|354|322|3|2|-1|-1|-1|-1|-1|-1|-1|-1|-1|-1|-1|-1|-1|-1|-1|-1|-1|-1|-1|-1|-1|-1|-1|-1
0|0|245|424|3|6|2|461|331|0|4|3|14|370|0|1|328|253|2|1|354|10|3|2|346|322|3|2|-1|-1|-1|-1|-1|-1|-1|-1|-1|-1|-1|-1|-1|-1|-1|-1|-1|-1|-1|-1|-1|-1|-1|-1
0|0|215|424|3|6|2|461|311|0|4|3|14|360|0|1|328|263|2|1|344|10|3|2|336|322|3|2|-1|-1|-1|-1|-1|-1|-1|-1|-1|-1|-1|-1|-1|-1|-1|-1|-1|-1|-1|-1|-1|-1|-1|-1
0|0|185|424|3|6|2|461|291|0|4|3|14|350|0|1|328|273|2|1|334|10|3|2|326|322|3|2|-1|-1|-1|-1|-1|-1|-1|-1|-1|-1|-1|-1|-1|-1|-1|-1|-1|-1|-1|-1|-1|-1|-1|-1
0|0|161|424|3|6|2|461|275|0|4|3|14|342|0|1|328|281|2|1|326|10|3|2|318|322|3|2|-1|-1|-1|-1|-1|-1|-1|-1|-1|-1|-1|-1|-1|-1|-1|-1|-1|-1|-1|-1|-1|-1|-1|-1
1|0|131|424|3|6|2|461|255|0|4|3|14|332|0|1|328|291|2|1|316|10|3|2|308|322|3|2|-1|-1|-1|-1|-1|-1|-1|-1|-1|-1|-1|-1|-1|-1|-1|-1|-1|-1|-1|-1|-1|-1|-1|-1
0|4|113|412|0|6|2|461|235|0|4|3|14|322|0|1|328|297|0|1|306|10|3|2|298|322|3|2|-1|-1|-1|-1|-1|-1|-1|-1|-1|-1|-1|-1|-1|-1|-1|-1|-1|-1|-1|-1|-1|-1|-1|-1
0|0|113|388|0|6|2|445|235|3|4|3|14|314|0|1|328|289|0|1|298|10|3|2|290|322|3|2|-1|-1|-1|-1|-1|-1|-1|-1|-1|-1|-1|-1|-1|-1|-1|-1|-1|-1|-1|-1|-1|-1|-1|-1
0|0|113|358|0|6|2|425|235|3|4|3|14|304|0|1|328|279|0|1|288|10|3|2|280|322|3|2|-1|-1|-1|-1|-1|-1|-1|-1|-1|-1|-1|-1|-1|-1|-1|-1|-1|-1|-1|-1|-1|-1|-1|-1
0|0|113|334|0|6|2|409|235|3|4|3|14|296|0|1|328|271|0|1|280|10|3|2|272|322|3|2|-1|-1|-1|-1|-1|-1|-1|-1|-1|-1|-1|-1|-1|-1|-1|-1|-1|-1|-1|-1|-1|-1|-1|-1
0|3|113|304|0|6|2|389|235|3|4|3|14|286|0|1|328|261|0|1|270|10|3|2|262|322|3|2|-1|-1|-1|-1|-1|-1|-1|-1|-1|-1|-1|-1|-1|-1|-1|-1|-1|-1|-1|-1|-1|-1|-1|-1
0|0|113|274|0|6|2|389|255|2|4|3|14|276|0|1|328|251|0|1|260|10|3|2|252|322|3|2|-1|-1|-1|-1|-1|-1|-1|-1|-1|-1|-1|-1|-1|-1|-1|-1|-1|-1|-1|-1|-1|-1|-1|-1
0|0|113|250|0|6|2|389|271|2|4|3|14|268|0|1|328|243|0|1|252|10|3|2|244|322|3|2|-1|-1|-1|-1|-1|-1|-1|-1|-1|-1|-1|-1|-1|-1|-1|-1|-1|-1|-1|-1|-1|-1|-1|-1
0|0|113|220|0|6|2|389|291|2|4|3|14|258|0|1|328|245|2|1|242|10|3|2|234|322|3|2|-1|-1|-1|-1|-1|-1|-1|-1|-1|-1|-1|-1|-1|-1|-1|-1|-1|-1|-1|-1|-1|-1|-1|-1
0|0|113|196|0|6|2|389|307|2|4|3|14|254|2|1|328|253|2|1|234|10|3|2|226|322|3|2|-1|-1|-1|-1|-1|-1|-1|-1|-1|-1|-1|-1|-1|-1|-1|-1|-1|-1|-1|-1|-1|-1|-1|-1
0|0|113|166|0|6|2|389|327|2|4|3|14|264|2|1|328|263|2|1|224|10|3|2|222|316|0|2|-1|-1|-1|-1|-1|-1|-1|-1|-1|-1|-1|-1|-1|-1|-1|-1|-1|-1|-1|-1|-1|-1|-1|-1
2|0|113|136|0|6|2|389|347|2|4|3|14|274|2|1|332|269|1|1|214|10|3|2|222|306|0|2|-1|-1|-1|-1|-1|-1|-1|-1|-1|-1|-1|-1|-1|-1|-1|-1|-1|-1|-1|-1|-1|-1|-1|-1
0|4|131|130|1|6|2|389|363|2|4|3|14|282|2|1|340|269|1|1|206|10|3|2|222|298|0|2|-1|-1|-1|-1|-1|-1|-1|-1|-1|-1|-1|-1|-1|-1|-1|-1|-1|-1|-1|-1|-1|-1|-1|-1
0|0|161|130|1|6|2|373|367|3|4|3|14|292|2|1|350|269|1|1|196|10|3|2|222|288|0|2|-1|-1|-1|-1|-1|-1|-1|-1|-1|-1|-1|-1|-1|-1|-1|-1|-1|-1|-1|-1|-1|-1|-1|-1
0|0|185|130|1|6|2|357|367|3|4|3|14|300|2|1|358|269|1|1|188|10|3|2|222|280|0|2|-1|-1|-1|-1|-1|-1|-1|-1|-1|-1|-1|-1|-1|-1|-1|-1|-1|-1|-1|-1|-1|-1|-1|-1
0|3|215|130|1|6|2|337|367|3|4|3|14|310|2|1|358|279|2|1|178|10|3|2|222|270|0|2|-1|-1|-1|-1|-1|-1|-1|-1|-1|-1|-1|-1|-1|-1|-1|-1|-1|-1|-1|-1|-1|-1|-1|-1
0|0|245|130|1|6|2|333|383|2|4|3|14|320|2|1|358|289|2|1|188|10|1|2|222|260|0|2|-1|-1|-1|-1|-1|-1|-1|-1|-1|-1|-1|-1|-1|-1|-1|-1|-1|-1|-1|-1|-1|-1|-1|-1
0|0|269|130|1|6|2|333|399|2|4|3|14|328|2|1|358|297|2|1|196|10|1|2|222|252|0|2|-1|-1|-1|-1|-1|-1|-1|-1|-1|-1|-1|-1|-1|-1|-1|-1|-1|-1|-1|-1|-1|-1|-1|-1
0|4|299|130|1|6|2|333|419|2|4|3|14|338|2|1|350|299|3|1|206|10|1|2|222|242|0|2|-1|-1|-1|-1|-1|-1|-1|-1|-1|-1|-1|-1|-1|-1|-1|-1|-1|-1|-1|-1|-1|-1|-1|-1
0|0|323|130|1|6|2|329|431|3|4|3|14|346|2|1|342|299|3|1|214|10|1|2|222|234|0|2|-1|-1|-1|-1|-1|-1|-1|-1|-1|-1|-1|-1|-1|-1|-1|-1|-1|-1|-1|-1|-1|-1|-1|-1
0|0|353|130|1|6|2|309|431|3|4|3|14|356|2|1|332|299|3|1|224|10|1|2|222|224|0|2|-1|-1|-1|-1|-1|-1|-1|-1|-1|-1|-1|-1|-1|-1|-1|-1|-1|-1|-1|-1|-1|-1|-1|-1
2|0|373|130|1|4|2|289|431|3|4|3|14|366|2|1|322|299|3|1|234|10|1|2|222|214|0|2|-1|-1|-1|-1|-1|-1|-1|-1|-1|-1|-1|-1|-1|-1|-1|-1|-1|-1|-1|-1|-1|-1|-1|-1
0|0|389|130|1|4|2|273|431|3|4|3|14|374|2|1|314|299|3|1|234|18|2|2|222|206|0|2|-1|-1|-1|-1|-1|-1|-1|-1|-1|-1|-1|-1|-1|-1|-1|-1|-1|-1|-1|-1|-1|-1|-1|-1
0|1|409|130|1|4|2|253|431|3|4|3|14|384|2|1|304|299|3|1|234|28|2|2|222|196|0|2|-1|-1|-1|-1|-1|-1|-1|-1|-1|-1|-1|-1|-1|-1|-1|-1|-1|-1|-1|-1|-1|-1|-1|-1
0|0|429|130|1|4|2|253|411|0|4|3|14|394|2|1|294|299|3|1|234|38|2|2|222|186|0|2|-1|-1|-1|-1|-1|-1|-1|-1|-1|-1|-1|-1|-1|-1|-1|-1|-1|-1|-1|-1|-1|-1|-1|-1
3|4|445|130|1|4|2|253|395|0|4|3|14|402|2|1|286|299|3|1|234|46|2|2|222|178|0|2|-1|-1|-1|-1|-1|-1|-1|-1|-1|-1|-1|-1|-1|-1|-1|-1|-1|-1|-1|-1|-1|-1|-1|-1
0|0|461|134|2|4|2|233|395|3|4|3|14|404|0|1|276|299|3|1|234|56|2|2|222|168|0|2|-1|-1|-1|-1|-1|-1|-1|-1|-1|-1|-1|-1|-1|-1|-1|-1|-1|-1|-1|-1|-1|-1|-1|-1
2|0|461|154|2|4|2|213|395|3|4|3|14|394|0|1|266|299|3|1|234|66|2|2|222|158|0|2|-1|-1|-1|-1|-1|-1|-1|-1|-1|-1|-1|-1|-1|-1|-1|-1|-1|-1|-1|-1|-1|-1|-1|-1
0|1|465|170|1|4|2|193|395|3|4|3|14|384|0|1|256|299|3|1|234|76|2|2|222|160|2|2|-1|-1|-1|-1|-1|-1|-1|-1|-1|-1|-1|-1|-1|-1|-1|-1|-1|-1|-1|-1|-1|-1|-1|-1
0|0|481|170|1|4|2|189|383|0|4|3|20|382|1|1|248|299|3|1|234|84|2|2|222|168|2|2|-1|-1|-1|-1|-1|-1|-1|-1|-1|-1|-1|-1|-1|-1|-1|-1|-1|-1|-1|-1|-1|-1|-1|-1
3|0|501|170|1|4|2|189|363|0|4|3|30|382|1|1|238|299|3|1|234|94|2|2|222|178|2|2|-1|-1|-1|-1|-1|-1|-1|-1|-1|-1|-1|-1|-1|-1|-1|-1|-1|-1|-1|-1|-1|-1|-1|-1
0|0|509|182|2|4|2|189|343|0|4|2|40|382|1|1|228|299|3|1|234|104|2|2|232|178|1|2|-1|-1|-1|-1|-1|-1|-1|-1|-1|-1|-1|-1|-1|-1|-1|-1|-1|-1|-1|-1|-1|-1|-1|-1
0|0|509|198|2|4|2|189|319|0|6|2|40|374|0|1|220|299|3|1|234|112|2|2|240|178|1|2|-1|-1|-1|-1|-1|-1|-1|-1|-1|-1|-1|-1|-1|-1|-1|-1|-1|-1|-1|-1|-1|-1|-1|-1
0|2|509|218|2|4|2|189|289|0|6|2|40|364|0|1|210|299|3|1|234|122|2|2|246|182|2|2|-1|-1|-1|-1|-1|-1|-1|-1|-1|-1|-1|-1|-1|-1|-1|-1|-1|-1|-1|-1|-1|-1|-1|-1
4|0|509|238|2|4|2|201|271|1|6|2|40|354|0|1|208|291|0|1|234|132|2|2|246|192|2|2|-1|-1|-1|-1|-1|-1|-1|-1|-1|-1|-1|-1|-1|-1|-1|-1|-1|-1|-1|-1|-1|-1|-1|-1
0|0|501|246|3|4|2|225|271|1|6|2|40|346|0|1|208|283|0|1|234|140|2|2|246|200|2|2|-1|-1|-1|-1|-1|-1|-1|-1|-1|-1|-1|-1|-1|-1|-1|-1|-1|-1|-1|-1|-1|-1|-1|-1
0|0|481|246|3|4|2|255|271|1|6|2|40|336|0|1|208|273|0|1|234|150|2|2|246|210|2|2|-1|-1|-1|-1|-1|-1|-1|-1|-1|-1|-1|-1|-1|-1|-1|-1|-1|-1|-1|-1|-1|-1|-1|-1
0|0|461|246|3|4|2|285|271|1|6|2|40|326|0|1|214|269|1|1|234|160|2|2|246|220|2|2|-1|-1|-1|-1|-1|-1|-1|-1|-1|-1|-1|-1|-1|-1|-1|-1|-1|-1|-1|-1|-1|-1|-1|-1
0|0|445|246|3|4|2|309|271|1|6|2|40|318|0|1|222|269|1|1|234|168|2|2|246|228|2|2|-1|-1|-1|-1|-1|-1|-1|-1|-1|-1|-1|-1|-1|-1|-1|-1|-1|-1|-1|-1|-1|-1|-1|-1
0|0|425|246|3|4|2|339|271|1|6|2|40|308|0|1|232|269|1|1|234|178|2|2|246|238|2|2|-1|-1|-1|-1|-1|-1|-1|-1|-1|-1|-1|-1|-1|-1|-1|-1|-1|-1|-1|-1|-1|-1|-1|-1
1|0|409|246|3|4|2|363|271|1|6|2|40|300|0|1|240|269|1|1|234|186|2|2|246|246|2|2|-1|-1|-1|-1|-1|-1|-1|-1|-1|-1|-1|-1|-1|-1|-1|-1|-1|-1|-1|-1|-1|-1|-1|-1
0|3|401|234|0|4|2|393|271|1|6|2|40|290|0|1|250|269|1|1|234|196|2|2|252|250|1|2|-1|-1|-1|-1|-1|-1|-1|-1|-1|-1|-1|-1|-1|-1|-1|-1|-1|-1|-1|-1|-1|-1|-1|-1
0|0|401|214|0|4|2|393|301|2|6|2|40|280|0|1|260|269|1|1|234|206|2|2|262|250|1|2|-1|-1|-1|-1|-1|-1|-1|-1|-1|-1|-1|-1|-1|-1|-1|-1|-1|-1|-1|-1|-1|-1|-1|-1
0|2|401|198|0|4|2|393|325|2|6|2|40|284|2|1|268|269|1|1|239|206|1|2|270|250|1|2|-1|-1|-1|-1|-1|-1|-1|-1|-1|-1|-1|-1|-1|-1|-1|-1|-1|-1|-1|-1|-1|-1|-1|-1
0|0|401|178|0|4|2|393|355|1|6|2|40|294|2|1|268|279|2|1|248|206|1|2|270|240|0|2|-1|-1|-1|-1|-1|-1|-1|-1|-1|-1|-1|-1|-1|-1|-1|-1|-1|-1|-1|-1|-1|-1|-1|-1
0|0|401|158|0|4|2|423|355|1|6|2|40|304|2|1|268|289|2|1|258|206|1|2|270|230|0|2|-1|-1|-1|-1|-1|-1|-1|-1|-1|-1|-1|-1|-1|-1|-1|-1|-1|-1|-1|-1|-1|-1|-1|-1
0|1|401|142|0|4|2|447|355|1|6|2|40|312|2|1|268|297|2|1|258|201|0|2|270|222|0|2|-1|-1|-1|-1|-1|-1|-1|-1|-1|-1|-1|-1|-1|-1|-1|-1|-1|-1|-1|-1|-1|-1|-1|-1
0|0|401|122|0|4|2|447|325|0|6|2|40|322|2|1|268|307|2|1|258|196|0|2|270|212|0|2|-1|-1|-1|-1|-1|-1|-1|-1|-1|-1|-1|-1|-1|-1|-1|-1|-1|-1|-1|-1|-1|-1|-1|-1
0|0|401|102|0|4|2|447|295|0|6|2|40|328|0|1|268|317|2|1|258|191|0|2|270|202|0|2|-1|-1|-1|-1|-1|-1|-1|-1|-1|-1|-1|-1|-1|-1|-1|-1|-1|-1|-1|-1|-1|-1|-1|-1
0|0|401|82|0|4|2|447|265|0|6|2|40|318|0|1|268|327|2|1|258|186|0|2|270|192|0|2|-1|-1|-1|-1|-1|-1|-1|-1|-1|-1|-1|-1|-1|-1|-1|-1|-1|-1|-1|-1|-1|-1|-1|-1
0|0|401|66|0|4|2|447|241|0|6|2|40|310|0|1|268|323|0|1|258|182|0|2|270|184|0|2|-1|-1|-1|-1|-1|-1|-1|-1|-1|-1|-1|-1|-1|-1|-1|-1|-1|-1|-1|-1|-1|-1|-1|-1
4|0|401|46|0|4|2|447|211|0|6|2|40|300|0|1|268|313|0|1|258|177|0|2|270|174|0|2|-1|-1|-1|-1|-1|-1|-1|-1|-1|-1|-1|-1|-1|-1|-1|-1|-1|-1|-1|-1|-1|-1|-1|-1
0|0|385|42|3|4|2|447|181|0|6|2|40|290|0|1|268|303|0|1|258|172|0|2|270|164|0|2|-1|-1|-1|-1|-1|-1|-1|-1|-1|-1|-1|-1|-1|-1|-1|-1|-1|-1|-1|-1|-1|-1|-1|-1
0|0|369|42|3|4|2|447|157|0|6|2|40|282|0|1|268|295|0|1|258|168|0|2|270|156|0|2|-1|-1|-1|-1|-1|-1|-1|-1|-1|-1|-1|-1|-1|-1|-1|-1|-1|-1|-1|-1|-1|-1|-1|-1
0|0|349|42|3|4|2|447|127|0|6|2|40|272|0|1|268|285|0|1|258|163|0|2|270|146|0|2|-1|-1|-1|-1|-1|-1|-1|-1|-1|-1|-1|-1|-1|-1|-1|-1|-1|-1|-1|-1|-1|-1|-1|-1
0|0|329|42|3|4|2|447|97|0|6|2|40|262|0|1|268|275|0|1|258|158|0|2|270|136|0|2|-1|-1|-1|-1|-1|-1|-1|-1|-1|-1|-1|-1|-1|-1|-1|-1|-1|-1|-1|-1|-1|-1|-1|-1
0|0|313|42|3|4|2|447|73|0|6|2|40|254|0|1|268|267|0|1|258|154|0|2|270|128|0|2|-1|-1|-1|-1|-1|-1|-1|-1|-1|-1|-1|-1|-1|-1|-1|-1|-1|-1|-1|-1|-1|-1|-1|-1
0|0|297|42|3|4|2|447|49|0|6|2|40|246|0|1|268|259|0|1|258|150|0|2|270|120|0|2|-1|-1|-1|-1|-1|-1|-1|-1|-1|-1|-1|-1|-1|-1|-1|-1|-1|-1|-1|-1|-1|-1|-1|-1
0|0|277|42|3|4|2|447|19|0|6|2|40|236|0|1|268|249|0|1|258|145|0|2|270|110|0|2|-1|-1|-1|-1|-1|-1|-1|-1|-1|-1|-1|-1|-1|-1|-1|-1|-1|-1|-1|-1|-1|-1|-1|-1
0|0|257|42|3|4|2|447|-1|0|6|2|40|226|0|1|268|239|0|1|258|140|0|2|270|100|0|2|-1|-1|-1|-1|-1|-1|-1|-1|-1|-1|-1|-1|-1|-1|-1|-1|-1|-1|-1|-1|-1|-1|-1|-1
0|0|241|42|3|4|2|447|-1|0|6|2|40|218|0|1|268|231|0|1|258|136|0|2|270|92|0|2|-1|-1|-1|-1|-1|-1|-1|-1|-1|-1|-1|-1|-1|-1|-1|-1|-1|-1|-1|-1|-1|-1|-1|-1
0|0|215|42|3|6|1|447|-1|0|6|2|40|208|0|1|268|221|0|1|258|130|0|2|270|82|0|2|-1|-1|-1|-1|-1|-1|-1|-1|-1|-1|-1|-1|-1|-1|-1|-1|-1|-1|-1|-1|-1|-1|-1|-1
3|0|185|42|3|6|1|447|-1|0|6|2|40|198|0|1|268|211|0|1|258|120|0|2|260|82|3|2|-1|-1|-1|-1|-1|-1|-1|-1|-1|-1|-1|-1|-1|-1|-1|-1|-1|-1|-1|-1|-1|-1|-1|-1
0|0|167|48|2|6|1|447|-1|0|6|2|40|190|0|1|268|203|0|1|258|112|0|2|252|82|3|2|-1|-1|-1|-1|-1|-1|-1|-1|-1|-1|-1|-1|-1|-1|-1|-1|-1|-1|-1|-1|-1|-1|-1|-1
0|0|167|78|2|6|1|447|-1|0|4|2|40|180|0|1|268|193|0|1|253|110|3|2|242|82|3|2|-1|-1|-1|-1|-1|-1|-1|-1|-1|-1|-1|-1|-1|-1|-1|-1|-1|-1|-1|-1|-1|-1|-1|-1
0|0|167|108|2|6|1|447|-1|0|4|2|40|170|0|1|268|183|0|1|248|110|3|2|232|82|3|2|-1|-1|-1|-1|-1|-1|-1|-1|-1|-1|-1|-1|-1|-1|-1|-1|-1|-1|-1|-1|-1|-1|-1|-1
0|0|167|132|2|6|1|447|-1|0|4|2|40|162|0|1|268|175|0|1|244|110|3|2|224|82|3|2|-1|-1|-1|-1|-1|-1|-1|-1|-1|-1|-1|-1|-1|-1|-1|-1|-1|-1|-1|-1|-1|-1|-1|-1
0|0|167|162|2|6|1|447|-1|0|4|2|40|152|0|1|268|165|0|1|239|110|3|2|214|82|3|2|-1|-1|-1|-1|-1|-1|-1|-1|-1|-1|-1|-1|-1|-1|-1|-1|-1|-1|-1|-1|-1|-1|-1|-1
0|0|167|186|2|6|1|447|-1|0|4|2|40|144|0|1|268|157|0|1|235|110|3|2|206|82|3|2|-1|-1|-1|-1|-1|-1|-1|-1|-1|-1|-1|-1|-1|-1|-1|-1|-1|-1|-1|-1|-1|-1|-1|-1
0|0|167|216|2|6|1|447|-1|0|4|2|40|134|0|1|268|147|0|1|230|110|3|2|196|82|3|2|-1|-1|-1|-1|-1|-1|-1|-1|-1|-1|-1|-1|-1|-1|-1|-1|-1|-1|-1|-1|-1|-1|-1|-1
0|0|167|246|2|6|1|447|-1|0|4|2|40|124|0|1|268|137|0|1|225|110|3|2|186|82|3|2|-1|-1|-1|-1|-1|-1|-1|-1|-1|-1|-1|-1|-1|-1|-1|-1|-1|-1|-1|-1|-1|-1|-1|-1
0|3|167|270|2|6|1|447|-1|0|4|2|40|116|0|1|268|129|0|1|221|110|3|2|178|82|3|2|-1|-1|-1|-1|-1|-1|-1|-1|-1|-1|-1|-1|-1|-1|-1|-1|-1|-1|-1|-1|-1|-1|-1|-1
0|0|167|300|2|6|1|447|3|2|4|2|40|106|0|1|268|119|0|1|211|110|3|2|174|88|2|2|-1|-1|-1|-1|-1|-1|-1|-1|-1|-1|-1|-1|-1|-1|-1|-1|-1|-1|-1|-1|-1|-1|-1|-1
0|0|167|330|2|6|1|447|23|2|4|2|40|96|0|1|268|109|0|1|201|110|3|2|174|98|2|2|-1|-1|-1|-1|-1|-1|-1|-1|-1|-1|-1|-1|-1|-1|-1|-1|-1|-1|-1|-1|-1|-1|-1|-1
2|0|167|354|2|6|1|447|39|2|4|2|40|88|0|1|268|101|0|1|193|110|3|2|174|106|2|2|-1|-1|-1|-1|-1|-1|-1|-1|-1|-1|-1|-1|-1|-1|-1|-1|-1|-1|-1|-1|-1|-1|-1|-1
0|0|167|384|1|6|1|447|59|2|4|2|40|78|0|1|268|91|0|1|183|110|3|2|174|116|2|2|-1|-1|-1|-1|-1|-1|-1|-1|-1|-1|-1|-1|-1|-1|-1|-1|-1|-1|-1|-1|-1|-1|-1|-1
0|0|191|384|1|6|1|447|75|2|4|2|40|70|0|1|268|83|0|1|181|114|2|2|174|124|2|2|-1|-1|-1|-1|-1|-1|-1|-1|-1|-1|-1|-1|-1|-1|-1|-1|-1|-1|-1|-1|-1|-1|-1|-1
0|0|221|384|1|6|1|447|95|2|4|2|50|70|1|1|268|73|0|1|181|120|2|2|178|130|1|2|-1|-1|-1|-1|-1|-1|-1|-1|-1|-1|-1|-1|-1|-1|-1|-1|-1|-1|-1|-1|-1|-1|-1|-1
0|0|251|384|1|6|1|447|115|2|4|2|60|70|1|1|268|63|0|1|181|130|2|2|188|130|1|2|-1|-1|-1|-1|-1|-1|-1|-1|-1|-1|-1|-1|-1|-1|-1|-1|-1|-1|-1|-1|-1|-1|-1|-1
0|3|281|384|1|6|1|447|135|2|4|2|66|74|2|1|268|65|2|1|186|132|1|2|198|130|1|2|-1|-1|-1|-1|-1|-1|-1|-1|-1|-1|-1|-1|-1|-1|-1|-1|-1|-1|-1|-1|-1|-1|-1|-1
0|4|305|384|1|6|1|447|151|2|4|2|66|82|2|1|268|73|2|1|190|132|1|2|206|130|1|2|-1|-1|-1|-1|-1|-1|-1|-1|-1|-1|-1|-1|-1|-1|-1|-1|-1|-1|-1|-1|-1|-1|-1|-1
0|0|335|384|1|6|1|443|167|3|4|2|66|92|2|1|268|83|2|1|195|132|1|2|216|130|1|2|-1|-1|-1|-1|-1|-1|-1|-1|-1|-1|-1|-1|-1|-1|-1|-1|-1|-1|-1|-1|-1|-1|-1|-1
0|0|359|384|1|6|1|427|167|3|4|2|66|100|2|1|268|91|2|1|199|132|1|2|224|130|1|2|-1|-1|-1|-1|-1|-1|-1|-1|-1|-1|-1|-1|-1|-1|-1|-1|-1|-1|-1|-1|-1|-1|-1|-1
1|3|389|384|1|6|1|407|167|3|4|2|66|110|2|1|268|101|2|1|204|132|1|2|234|130|1|2|-1|-1|-1|-1|-1|-1|-1|-1|-1|-1|-1|-1|-1|-1|-1|-1|-1|-1|-1|-1|-1|-1|-1|-1
0|0|401|366|0|6|1|391|171|2|4|2|66|120|2|1|268|111|2|1|209|132|1|2|244|130|1|2|-1|-1|-1|-1|-1|-1|-1|-1|-1|-1|-1|-1|-1|-1|-1|-1|-1|-1|-1|-1|-1|-1|-1|-1
0|0|401|336|0|6|1|391|191|2|4|2|66|130|2|1|268|121|2|1|214|132|1|2|254|130|1|2|-1|-1|-1|-1|-1|-1|-1|-1|-1|-1|-1|-1|-1|-1|-1|-1|-1|-1|-1|-1|-1|-1|-1|-1
0|0|401|306|0|6|1|391|211|2|4|2|66|140|2|1|268|131|2|1|221|132|1|2|264|130|1|2|-1|-1|-1|-1|-1|-1|-1|-1|-1|-1|-1|-1|-1|-1|-1|-1|-1|-1|-1|-1|-1|-1|-1|-1
0|0|401|282|0|6|1|391|227|2|4|2|66|148|2|1|268|139|2|1|229|132|1|2|272|130|1|2|-1|-1|-1|-1|-1|-1|-1|-1|-1|-1|-1|-1|-1|-1|-1|-1|-1|-1|-1|-1|-1|-1|-1|-1
4|2|401|252|0|6|1|391|247|2|4|2|66|158|2|1|268|149|2|1|231|140|2|2|282|130|1|2|-1|-1|-1|-1|-1|-1|-1|-1|-1|-1|-1|-1|-1|-1|-1|-1|-1|-1|-1|-1|-1|-1|-1|-1
0|0|377|252|3|6|1|391|263|1|4|2|66|166|2|1|268|157|2|1|231|148|2|2|290|130|1|2|-1|-1|-1|-1|-1|-1|-1|-1|-1|-1|-1|-1|-1|-1|-1|-1|-1|-1|-1|-1|-1|-1|-1|-1
3|0|347|252|3|6|1|411|263|1|4|2|66|176|2|1|268|167|2|1|231|158|2|2|300|130|1|2|-1|-1|-1|-1|-1|-1|-1|-1|-1|-1|-1|-1|-1|-1|-1|-1|-1|-1|-1|-1|-1|-1|-1|-1
0|0|329|264|2|6|1|431|263|1|4|2|66|186|2|1|268|177|2|1|231|168|2|2|310|130|1|2|-1|-1|-1|-1|-1|-1|-1|-1|-1|-1|-1|-1|-1|-1|-1|-1|-1|-1|-1|-1|-1|-1|-1|-1
0|0|329|288|2|6|1|447|263|1|4|2|66|194|2|1|268|185|2|1|231|176|2|2|318|130|1|2|-1|-1|-1|-1|-1|-1|-1|-1|-1|-1|-1|-1|-1|-1|-1|-1|-1|-1|-1|-1|-1|-1|-1|-1
0|1|329|314|2|4|1|467|263|1|4|2|66|204|2|1|268|195|2|1|231|186|2|2|328|130|1|2|-1|-1|-1|-1|-1|-1|-1|-1|-1|-1|-1|-1|-1|-1|-1|-1|-1|-1|-1|-1|-1|-1|-1|-1
4|0|329|330|2|4|1|479|259|0|4|2|66|212|2|1|268|203|2|1|237|188|1|2|336|130|1|2|-1|-1|-1|-1|-1|-1|-1|-1|-1|-1|-1|-1|-1|-1|-1|-1|-1|-1|-1|-1|-1|-1|-1|-1
0|0|325|346|3|4|1|479|239|0|4|2|66|222|2|1|268|213|2|1|247|188|1|2|338|130|3|2|-1|-1|-1|-1|-1|-1|-1|-1|-1|-1|-1|-1|-1|-1|-1|-1|-1|-1|-1|-1|-1|-1|-1|-1
0|0|305|346|3|4|1|479|219|0|4|2|72|226|1|1|268|223|2|1|257|188|1|2|328|130|3|2|-1|-1|-1|-1|-1|-1|-1|-1|-1|-1|-1|-1|-1|-1|-1|-1|-1|-1|-1|-1|-1|-1|-1|-1
0|0|289|346|3|4|1|479|203|0|4|2|80|226|1|1|268|231|2|1|265|188|1|2|320|130|3|2|-1|-1|-1|-1|-1|-1|-1|-1|-1|-1|-1|-1|-1|-1|-1|-1|-1|-1|-1|-1|-1|-1|-1|-1
0|0|269|346|3|4|1|479|183|0|4|2|90|226|1|1|268|237|0|1|275|188|1|2|310|130|3|2|-1|-1|-1|-1|-1|-1|-1|-1|-1|-1|-1|-1|-1|-1|-1|-1|-1|-1|-1|-1|-1|-1|-1|-1
0|0|249|346|3|4|1|479|163|0|4|2|92|218|0|1|268|227|0|1|285|188|1|2|300|130|3|2|-1|-1|-1|-1|-1|-1|-1|-1|-1|-1|-1|-1|-1|-1|-1|-1|-1|-1|-1|-1|-1|-1|-1|-1
0|0|233|346|3|4|1|479|147|0|4|2|92|210|0|1|268|219|0|1|281|188|3|2|292|130|3|2|-1|-1|-1|-1|-1|-1|-1|-1|-1|-1|-1|-1|-1|-1|-1|-1|-1|-1|-1|-1|-1|-1|-1|-1
0|0|213|346|3|4|1|479|127|0|4|2|92|200|0|1|268|209|0|1|271|188|3|2|282|130|3|2|-1|-1|-1|-1|-1|-1|-1|-1|-1|-1|-1|-1|-1|-1|-1|-1|-1|-1|-1|-1|-1|-1|-1|-1
0|0|193|346|3|4|1|479|107|0|4|2|92|190|0|1|268|199|0|1|261|188|3|2|272|130|3|2|-1|-1|-1|-1|-1|-1|-1|-1|-1|-1|-1|-1|-1|-1|-1|-1|-1|-1|-1|-1|-1|-1|-1|-1
0|0|177|346|3|4|1|479|91|0|4|2|92|182|0|1|268|191|0|1|253|188|3|2|264|130|3|2|-1|-1|-1|-1|-1|-1|-1|-1|-1|-1|-1|-1|-1|-1|-1|-1|-1|-1|-1|-1|-1|-1|-1|-1
0|4|157|346|3|4|1|479|71|0|4|2|92|172|0|1|268|181|0|1|243|188|3|2|254|130|3|2|-1|-1|-1|-1|-1|-1|-1|-1|-1|-1|-1|-1|-1|-1|-1|-1|-1|-1|-1|-1|-1|-1|-1|-1
0|0|141|346|3|4|1|467|67|3|4|2|92|164|0|1|268|173|0|1|235|188|3|2|246|130|3|2|-1|-1|-1|-1|-1|-1|-1|-1|-1|-1|-1|-1|-1|-1|-1|-1|-1|-1|-1|-1|-1|-1|-1|-1
0|0|121|346|3|4|1|447|67|3|4|2|92|154|0|1|268|163|0|1|225|188|3|2|236|130|3|2|-1|-1|-1|-1|-1|-1|-1|-1|-1|-1|-1|-1|-1|-1|-1|-1|-1|-1|-1|-1|-1|-1|-1|-1
0|0|101|346|3|4|1|427|67|3|4|2|92|144|0|1|268|153|0|1|215|188|3|2|226|130|3|2|-1|-1|-1|-1|-1|-1|-1|-1|-1|-1|-1|-1|-1|-1|-1|-1|-1|-1|-1|-1|-1|-1|-1|-1
0|3|81|346|3|4|1|407|67|3|4|2|92|134|0|1|268|143|0|1|205|188|3|2|216|130|3|2|-1|-1|-1|-1|-1|-1|-1|-1|-1|-1|-1|-1|-1|-1|-1|-1|-1|-1|-1|-1|-1|-1|-1|-1
0|0|65|346|3|4|1|403|79|2|4|2|92|126|0|1|268|135|0|1|197|188|3|2|208|130|3|2|-1|-1|-1|-1|-1|-1|-1|-1|-1|-1|-1|-1|-1|-1|-1|-1|-1|-1|-1|-1|-1|-1|-1|-1
3|0|45|346|3|4|1|403|99|2|4|2|92|116|0|1|268|125|0|1|187|188|3|2|198|130|3|2|-1|-1|-1|-1|-1|-1|-1|-1|-1|-1|-1|-1|-1|-1|-1|-1|-1|-1|-1|-1|-1|-1|-1|-1
0|0|29|350|2|4|1|403|119|2|4|2|92|106|0|1|272|119|1|1|177|188|3|2|188|130|3|2|-1|-1|-1|-1|-1|-1|-1|-1|-1|-1|-1|-1|-1|-1|-1|-1|-1|-1|-1|-1|-1|-1|-1|-1
0|0|29|366|2|4|1|403|135|2|4|2|92|98|0|1|280|119|1|1|169|188|3|2|180|130|3|2|-1|-1|-1|-1|-1|-1|-1|-1|-1|-1|-1|-1|-1|-1|-1|-1|-1|-1|-1|-1|-1|-1|-1|-1
2|0|29|382|2|4|1|403|151|2|4|2|92|102|2|1|288|119|1|1|161|188|3|2|172|130|3|2|-1|-1|-1|-1|-1|-1|-1|-1|-1|-1|-1|-1|-1|-1|-1|-1|-1|-1|-1|-1|-1|-1|-1|-1
0|0|37|394|1|4|1|403|171|2|4|2|92|112|2|1|298|119|1|1|151|188|3|2|162|130|3|2|-1|-1|-1|-1|-1|-1|-1|-1|-1|-1|-1|-1|-1|-1|-1|-1|-1|-1|-1|-1|-1|-1|-1|-1
0|0|57|394|1|4|1|403|191|2|4|2|92|122|2|1|298|129|2|1|141|188|3|2|152|130|3|2|-1|-1|-1|-1|-1|-1|-1|-1|-1|-1|-1|-1|-1|-1|-1|-1|-1|-1|-1|-1|-1|-1|-1|-1
0|0|73|394|1|4|1|403|207|2|4|2|92|130|2|1|298|137|2|1|133|188|3|2|144|130|3|2|-1|-1|-1|-1|-1|-1|-1|-1|-1|-1|-1|-1|-1|-1|-1|-1|-1|-1|-1|-1|-1|-1|-1|-1
0|0|93|394|1|4|1|403|227|2|4|2|92|140|2|1|298|147|2|1|123|188|3|2|134|130|3|2|-1|-1|-1|-1|-1|-1|-1|-1|-1|-1|-1|-1|-1|-1|-1|-1|-1|-1|-1|-1|-1|-1|-1|-1
0|0|113|394|1|4|1|403|247|2|4|2|92|150|2|1|298|157|2|1|113|188|3|2|124|130|3|2|-1|-1|-1|-1|-1|-1|-1|-1|-1|-1|-1|-1|-1|-1|-1|-1|-1|-1|-1|-1|-1|-1|-1|-1
1|0|129|394|1|4|1|403|263|2|4|2|92|158|2|1|298|165|2|1|105|188|3|2|116|130|3|2|-1|-1|-1|-1|-1|-1|-1|-1|-1|-1|-1|-1|-1|-1|-1|-1|-1|-1|-1|-1|-1|-1|-1|-1
0|0|145|390|0|4|1|403|283|2|4|2|92|168|2|1|298|175|2|1|95|188|3|2|106|130|3|2|-1|-1|-1|-1|-1|-1|-1|-1|-1|-1|-1|-1|-1|-1|-1|-1|-1|-1|-1|-1|-1|-1|-1|-1
0|0|145|370|0|4|1|403|303|2|4|2|92|178|2|1|304|179|1|1|97|188|1|2|108|130|1|2|-1|-1|-1|-1|-1|-1|-1|-1|-1|-1|-1|-1|-1|-1|-1|-1|-1|-1|-1|-1|-1|-1|-1|-1
0|0|145|354|0|4|1|403|319|2|4|2|92|186|2|1|312|179|1|1|105|188|1|2|116|130|1|2|-1|-1|-1|-1|-1|-1|-1|-1|-1|-1|-1|-1|-1|-1|-1|-1|-1|-1|-1|-1|-1|-1|-1|-1
0|0|145|334|0|4|1|403|339|2|4|2|92|196|2|1|322|179|1|1|115|188|1|2|126|130|1|2|-1|-1|-1|-1|-1|-1|-1|-1|-1|-1|-1|-1|-1|-1|-1|-1|-1|-1|-1|-1|-1|-1|-1|-1
2|2|145|314|0|4|1|403|359|2|4|2|92|206|2|1|332|179|1|1|125|188|1|2|136|130|1|2|-1|-1|-1|-1|-1|-1|-1|-1|-1|-1|-1|-1|-1|-1|-1|-1|-1|-1|-1|-1|-1|-1|-1|-1
0|0|157|310|1|4|1|407|371|1|4|2|92|214|2|1|340|179|1|1|133|188|1|2|144|130|1|2|-1|-1|-1|-1|-1|-1|-1|-1|-1|-1|-1|-1|-1|-1|-1|-1|-1|-1|-1|-1|-1|-1|-1|-1
0|0|177|310|1|4|1|427|371|1|4|2|92|224|2|1|350|179|1|1|143|188|1|2|154|130|1|2|-1|-1|-1|-1|-1|-1|-1|-1|-1|-1|-1|-1|-1|-1|-1|-1|-1|-1|-1|-1|-1|-1|-1|-1
0|4|197|310|1|4|1|447|371|1|4|2|92|234|2|1|360|179|1|1|153|188|1|2|164|130|1|2|-1|-1|-1|-1|-1|-1|-1|-1|-1|-1|-1|-1|-1|-1|-1|-1|-1|-1|-1|-1|-1|-1|-1|-1
0|0|213|310|1|4|1|439|371|3|4|2|92|242|2|1|368|179|1|1|161|188|1|2|172|130|1|2|-1|-1|-1|-1|-1|-1|-1|-1|-1|-1|-1|-1|-1|-1|-1|-1|-1|-1|-1|-1|-1|-1|-1|-1
0|0|233|310|1|4|1|419|371|3|4|2|92|252|2|1|378|179|1|1|171|188|1|2|182|130|1|2|-1|-1|-1|-1|-1|-1|-1|-1|-1|-1|-1|-1|-1|-1|-1|-1|-1|-1|-1|-1|-1|-1|-1|-1
0|0|253|310|1|4|1|399|371|3|4|2|92|262|2|1|388|179|1|1|181|188|1|2|192|130|1|2|-1|-1|-1|-1|-1|-1|-1|-1|-1|-1|-1|-1|-1|-1|-1|-1|-1|-1|-1|-1|-1|-1|-1|-1
0|0|269|310|1|4|1|383|371|3|4|2|92|270|2|1|388|187|2|1|189|188|1|2|200|130|1|2|-1|-1|-1|-1|-1|-1|-1|-1|-1|-1|-1|-1|-1|-1|-1|-1|-1|-1|-1|-1|-1|-1|-1|-1
1|0|289|310|1|4|1|363|371|3|4|2|92|280|2|1|388|197|2|1|199|188|1|2|210|130|1|2|-1|-1|-1|-1|-1|-1|-1|-1|-1|-1|-1|-1|-1|-1|-1|-1|-1|-1|-1|-1|-1|-1|-1|-1
0|0|305|306|0|4|1|343|371|3|4|2|92|290|2|1|388|207|2|1|209|188|1|2|220|130|1|2|-1|-1|-1|-1|-1|-1|-1|-1|-1|-1|-1|-1|-1|-1|-1|-1|-1|-1|-1|-1|-1|-1|-1|-1
0|3|305|290|0|4|1|327|371|3|4|2|92|298|2|1|382|209|3|1|217|188|1|2|228|130|1|2|-1|-1|-1|-1|-1|-1|-1|-1|-1|-1|-1|-1|-1|-1|-1|-1|-1|-1|-1|-1|-1|-1|-1|-1
0|0|305|270|0|4|1|311|375|2|4|2|92|308|2|1|372|209|3|1|227|188|1|2|238|130|1|2|-1|-1|-1|-1|-1|-1|-1|-1|-1|-1|-1|-1|-1|-1|-1|-1|-1|-1|-1|-1|-1|-1|-1|-1
4|4|305|254|0|4|1|311|391|2|4|2|92|316|2|1|364|209|3|1|231|192|2|2|246|130|1|2|-1|-1|-1|-1|-1|-1|-1|-1|-1|-1|-1|-1|-1|-1|-1|-1|-1|-1|-1|-1|-1|-1|-1|-1
0|0|301|238|3|4|1|303|403|3|4|2|92|326|2|1|354|209|3|1|231|202|2|2|256|130|1|2|-1|-1|-1|-1|-1|-1|-1|-1|-1|-1|-1|-1|-1|-1|-1|-1|-1|-1|-1|-1|-1|-1|-1|-1
